dateiname 	Parameterliste
ppm4	        Ppm foo(80, 60, 50000, 7.9, 3.5, 0.035,0.035, 20);
ppm5		Ppm foo(80, 60, 50000, 7.9, 3.5, 0.025,0.025, 20);
ppm6		Ppm foo(80, 60, 50000, 11.2, 8.1, 0.011,0.011, 20);
ppm7		Ppm foo(80, 60, 50000, 11.2, 8.1, 0.011,0.011, 990)
ppm8		Ppm foo(800, 80, 50000, 6.0, 4.5, 0.010, 0.010, 100);
ppm9		Ppm foo(800, 80, 50000, 6.0, 5.5, 0.010, 0.010, 1000)
ppm10		Ppm foo(800, 80, 50000, 6.0, 5.5, 0.010, 0.010, 1000)
ppm11		Ppm foo(800, 80, 50000, 6.0, 5.5, 0.010, 0.010, 1000)
ppm12		Ppm foo(800, 80, 50000, 6.0, 5.5, 0.010, 0.010, 1000)
ppm13		Ppm foo(800, 80, 50000, 6.0, 5.5, 0.010, 0.010, 1000)
ppm14		Ppm foo(800, 80, 50000, 6.3, 5.4, 0.011, 0.011, 1000)
