0   40  80  0  0
1   41  91  0  0
2   45  97  0  0
3   41  104  0  0
4   37  118  0  0
5   35  127  0  0
6   31  142  0  0
7   23  152  0  0
8   23  162  0  0
9   23  169  0  0
10   23  187  0  0
11   23  204  0  0
12   23  227  0  0
13   23  241  0  0
14   24  253  0  0
15   26  263  0  0
16   27  280  0  0
17   27  292  0  0
18   26  313  0  0
19   29  329  0  0
20   30  338  0  0
21   33  358  0  0
22   34  374  0  0
23   34  390  0  0
24   34  403  0  0
25   38  414  0  0
26   38  427  0  0
27   40  436  0  0
28   39  452  0  0
29   43  461  0  0
30   43  474  0  0
31   42  490  0  0
32   46  499  0  0
33   45  520  0  0
34   45  526  0  0
35   44  544  0  0
36   47  556  0  0
37   49  567  0  0
38   51  584  0  0
39   50  592  0  0
40   52  606  0  0
41   59  605  0  0
42   58  617  0  0
43   59  639  0  0
44   62  645  0  0
45   66  653  0  0
46   70  660  0  0
47   71  677  0  0
48   79  683  0  0
49   82  688  0  0
50   86  695  0  0
51   91  703  0  0
52   98  710  0  0
53   103  716  0  0
54   107  722  0  0
55   112  731  0  0
56   120  735  0  0
57   122  745  0  0
58   128  744  0  0
59   131  752  0  0
60   139  757  0  0
61   142  756  0  0
62   148  759  0  0
63   152  763  0  0
64   157  766  0  0
65   165  769  0  0
66   171  773  0  0
67   178  770  0  0
68   185  767  0  0
69   192  765  0  0
70   199  760  0  0
71   205  762  0  0
72   212  761  0  0
73   217  759  0  0
74   226  754  0  0
75   230  756  0  0
76   240  748  0  0
77   245  746  0  0
78   247  750  0  0
79   249  751  0  0
80   263  743  0  0
81   273  738  0  0
82   280  733  0  0
83   293  727  0  0
84   298  720  0  0
85   304  717  0  0
86   315  706  0  0
87   325  700  0  0
88   333  692  0  0
89   339  692  0  0
90   346  685  0  0
91   355  678  0  0
92   368  670  0  0
93   371  673  0  0
94   381  666  0  0
95   390  666  0  0
96   394  660  0  0
97   405  654  0  0
98   414  650  0  0
99   422  645  0  0
100   430  640  0  0
101   443  630  0  0
102   442  631  0  0
103   447  628  0  0
104   451  625  0  0
105   461  622  0  0
106   465  623  0  0
107   469  620  0  0
108   475  614  0  0
109   482  617  0  0
110   487  610  0  0
111   500  602  0  0
112   509  595  0  0
113   517  586  0  0
114   529  573  0  0
115   529  568  0  0
116   541  560  0  0
117   545  555  0  0
118   546  549  0  0
119   557  539  0  0
120   560  532  0  0
121   569  523  0  0
122   582  510  0  0
123   594  495  0  0
124   595  490  0  0
125   608  479  0  0
126   622  464  0  0
127   626  452  0  0
128   633  446  0  0
129   633  443  0  0
130   644  434  0  0
131   652  430  0  0
132   654  422  0  0
133   666  408  0  0
134   672  398  0  0
135   676  390  0  0
136   683  382  0  0
137   691  375  0  0
138   691  372  0  0
139   693  369  0  0
140   699  361  0  0
141   703  353  0  0
142   707  347  0  0
143   709  340  0  0
144   718  331  0  0
145   718  326  0  0
146   724  319  0  0
147   733  308  0  0
148   734  302  0  0
149   739  294  0  0
150   747  284  0  0
151   755  273  0  0
152   764  262  0  0
153   767  258  0  0
154   767  251  0  0
155   770  243  0  0
156   775  235  0  0
157   780  227  0  0
158   787  210  0  0
159   785  206  0  0
160   789  200  0  0
161   793  193  0  0
162   792  186  0  0
163   785  178  0  0
164   787  174  0  0
165   788  168  0  0
166   781  165  0  0
167   781  162  0  0
168   774  158  0  0
169   771  153  0  0
170   773  144  0  0
171   766  135  0  0
172   762  129  0  0
173   754  123  0  0
174   757  112  0  0
175   751  112  0  0
176   757  100  0  0
177   746  99  0  0
178   742  92  0  0
179   733  88  0  0
180   717  89  0  0
181   700  88  0  0
182   689  89  0  0
183   679  88  0  0
184   671  82  0  0
185   657  78  0  0
186   646  76  0  0
187   637  72  0  0
188   631  67  0  0
189   619  62  0  0
190   610  57  0  0
191   599  52  0  0
192   587  49  0  0
193   578  44  0  0
194   570  41  0  0
195   555  40  0  0
196   537  39  0  0
197   522  37  0  0
198   506  37  0  0
199   493  36  0  0
200   486  33  0  0
201   475  32  0  0
202   462  30  0  0
203   443  30  0  0
204   431  27  0  0
205   417  24  0  0
206   400  25  0  0
207   387  26  0  0
208   371  24  0  0
209   360  26  0  0
210   343  25  0  0
211   322  23  0  0
212   305  20  0  0
213   292  17  0  0
214   274  17  0  0
215   261  19  0  0
216   243  17  0  0
217   227  15  0  0
218   211  14  0  0
219   193  15  0  0
220   176  15  0  0
221   159  16  0  0
222   151  18  0  0
223   138  17  0  0
224   123  19  0  0
225   102  23  0  0
226   93  24  0  0
227   73  28  0  0
228   59  36  0  0
229   49  42  0  0
230   43  50  0  0
231   28  59  0  0
232   24  67  0  0
233   19  77  0  0
234   15  92  0  0
235   15  109  0  0
236   12  125  0  0
237   12  138  0  0
238   11  151  0  0
239   12  166  0  0
240   12  185  0  0
241   12  202  0  0
242   12  219  0  0
243   15  237  0  0
244   15  257  0  0
245   17  272  0  0
246   17  289  0  0
247   19  304  0  0
248   21  317  0  0
249   19  331  0  0
250   20  351  0  0
251   21  368  0  0
252   23  383  0  0
253   28  394  0  0
254   31  405  0  0
255   32  419  0  0
256   30  434  0  0
257   32  444  0  0
258   33  461  0  0
259   34  480  0  0
260   34  491  0  0
261   34  508  0  0
262   35  519  0  0
263   39  532  0  0
264   40  553  0  0
265   43  563  0  0
266   47  576  0  0
267   48  587  0  0
268   50  602  0  0
269   58  606  0  0
270   64  612  0  0
271   68  621  0  0
272   73  630  0  0
273   79  635  0  0
274   87  640  0  0
275   92  646  0  0
276   98  650  0  0
277   103  659  0  0
278   105  665  0  0
279   112  670  0  0
280   115  678  0  0
281   122  683  0  0
282   129  682  0  0
283   134  687  0  0
284   140  694  0  0
285   148  689  0  0
286   153  696  0  0
287   156  696  0  0
288   162  692  0  0
289   166  691  0  0
290   170  693  0  0
291   176  691  0  0
292   185  686  0  0
293   195  678  0  0
294   204  679  0  0
295   208  685  0  0
296   221  676  0  0
297   226  679  0  0
298   230  679  0  0
299   231  686  0  0
300   234  692  0  0
301   237  692  0  0
302   247  687  0  0
303   254  691  0  0
304   262  693  0  0
305   270  694  0  0
306   281  688  0  0
307   289  678  0  0
308   294  670  0  0
309   295  666  0  0
310   296  662  0  0
311   309  654  0  0
312   315  645  0  0
313   314  647  0  0
314   316  652  0  0
315   320  647  0  0
316   326  644  0  0
317   336  637  0  0
318   343  632  0  0
319   352  625  0  0
320   362  617  0  0
321   369  610  0  0
322   382  602  0  0
323   391  596  0  0
324   398  592  0  0
325   406  580  0  0
326   414  573  0  0
327   420  573  0  0
328   427  567  0  0
329   435  558  0  0
330   442  554  0  0
331   447  548  0  0
332   458  541  0  0
333   470  531  0  0
334   481  520  0  0
335   495  511  0  0
336   498  509  0  0
337   506  502  0  0
338   512  493  0  0
339   519  483  0  0
340   524  480  0  0
341   531  472  0  0
342   543  461  0  0
343   555  444  0  0
344   571  428  0  0
345   576  420  0  0
346   581  408  0  0
347   586  397  0  0
348   591  391  0  0
349   594  386  0  0
350   605  376  0  0
351   612  364  0  0
352   623  349  0  0
353   634  335  0  0
354   635  331  0  0
355   639  328  0  0
356   649  312  0  0
357   649  310  0  0
358   656  303  0  0
359   656  295  0  0
360   657  291  0  0
361   658  284  0  0
362   659  276  0  0
363   657  271  0  0
364   654  267  0  0
365   660  258  0  0
366   667  250  0  0
367   664  251  0  0
368   670  241  0  0
369   682  228  0  0
370   691  220  0  0
371   694  213  0  0
372   694  208  0  0
373   695  202  0  0
374   697  192  0  0
375   691  191  0  0
376   687  191  0  0
377   684  184  0  0
378   685  172  0  0
379   687  164  0  0
380   683  158  0  0
381   682  151  0  0
382   682  143  0  0
383   677  138  0  0
384   675  135  0  0
385   676  127  0  0
386   667  125  0  0
387   662  118  0  0
388   665  109  0  0
389   661  102  0  0
390   654  100  0  0
391   649  100  0  0
392   647  93  0  0
393   646  87  0  0
394   642  80  0  0
395   639  75  0  0
396   634  70  0  0
397   628  67  0  0
398   619  66  0  0
399   612  62  0  0
400   597  61  0  0
401   587  57  0  0
402   584  51  0  0
403   568  53  0  0
404   554  54  0  0
405   539  53  0  0
406   533  50  0  0
407   524  47  0  0
408   512  45  0  0
409   498  42  0  0
410   490  39  0  0
411   475  39  0  0
412   456  39  0  0
413   439  37  0  0
414   421  37  0  0
415   405  38  0  0
416   389  39  0  0
417   370  37  0  0
418   356  36  0  0
419   340  34  0  0
420   321  36  0  0
421   304  35  0  0
422   286  37  0  0
423   277  34  0  0
424   266  34  0  0
425   255  32  0  0
426   237  36  0  0
427   225  36  0  0
428   219  32  0  0
429   204  29  0  0
430   189  29  0  0
431   170  30  0  0
432   159  32  0  0
433   144  34  0  0
434   130  35  0  0
435   120  38  0  0
436   115  41  0  0
437   105  44  0  0
438   94  44  0  0
439   88  51  0  0
440   81  62  0  0
441   75  64  0  0
442   70  66  0  0
443   62  72  0  0
444   58  79  0  0
445   54  93  0  0
446   52  97  0  0
447   44  113  0  0
448   45  119  0  0
449   47  129  0  0
450   42  138  0  0
451   43  149  0  0
452   44  156  0  0
453   44  166  0  0
454   40  183  0  0
455   45  189  0  0
456   46  198  0  0
457   46  212  0  0
458   45  217  0  0
459   47  221  0  0
460   45  232  0  0
461   43  244  0  0
462   46  249  0  0
463   50  259  0  0
464   52  268  0  0
465   55  274  0  0
466   60  287  0  0
467   63  293  0  0
468   65  306  0  0
469   64  318  0  0
470   65  322  0  0
471   67  330  0  0
472   68  338  0  0
473   70  350  0  0
474   69  360  0  0
475   67  372  0  0
476   67  381  0  0
477   74  380  0  0
478   72  393  0  0
479   75  402  0  0
480   80  407  0  0
481   85  413  0  0
482   88  420  0  0
483   91  418  0  0
484   89  425  0  0
485   93  431  0  0
486   95  436  0  0
487   100  444  0  0
488   103  449  0  0
489   102  451  0  0
490   101  460  0  0
491   107  462  0  0
492   109  469  0  0
493   111  472  0  0
494   112  481  0  0
495   119  482  0  0
496   124  486  0  0
497   128  491  0  0
498   135  492  0  0
499   130  504  0  0
500   138  500  0  0
501   142  504  0  0
502   148  506  0  0
503   152  505  0  0
504   159  508  0  0
505   164  505  0  0
506   164  507  0  0
507   168  506  0  0
508   174  505  0  0
509   178  511  0  0
510   181  517  0  0
511   185  513  0  0
512   185  517  0  0
513   193  512  0  0
514   201  513  0  0
515   212  504  0  0
516   217  499  0  0
517   220  499  0  0
518   226  497  0  0
519   234  495  0  0
520   236  492  0  0
521   241  491  0  0
522   249  484  0  0
523   260  478  0  0
524   267  474  0  0
525   271  475  0  0
526   273  472  0  0
527   275  473  0  0
528   271  476  0  0
529   275  475  0  0
530   278  471  0  0
531   286  467  0  0
532   298  460  0  0
533   301  455  0  0
534   304  454  0  0
535   315  448  0  0
536   320  446  0  0
537   325  442  0  0
538   331  437  0  0
539   339  431  0  0
540   346  421  0  0
541   351  411  0  0
542   359  403  0  0
543   364  398  0  0
544   368  400  0  0
545   374  392  0  0
546   379  389  0  0
547   388  377  0  0
548   395  368  0  0
549   398  357  0  0
550   399  353  0  0
551   403  355  0  0
552   410  345  0  0
553   416  338  0  0
554   415  336  0  0
555   420  328  0  0
556   419  325  0  0
557   420  323  0  0
558   427  315  0  0
559   426  315  0  0
560   429  307  0  0
561   435  300  0  0
562   442  297  0  0
563   445  290  0  0
564   454  279  0  0
565   458  275  0  0
566   456  275  0  0
567   472  260  0  0
568   475  254  0  0
569   474  254  0  0
570   486  241  0  0
571   494  228  0  0
572   498  224  0  0
573   499  222  0  0
574   489  227  0  0
575   483  226  0  0
576   480  228  0  0
577   483  218  0  0
578   478  214  0  0
579   482  208  0  0
580   486  200  0  0
581   484  193  0  0
582   484  184  0  0
583   484  174  0  0
584   485  165  0  0
585   486  163  0  0
586   479  163  0  0
587   469  162  0  0
588   472  156  0  0
589   471  150  0  0
590   466  149  0  0
591   466  144  0  0
592   460  144  0  0
593   452  144  0  0
594   456  142  0  0
595   455  137  0  0
596   453  137  0  0
597   454  129  0  0
598   454  125  0  0
599   456  119  0  0
600   449  113  0  0
601   443  111  0  0
602   431  108  0  0
603   420  109  0  0
604   416  110  0  0
605   409  108  0  0
606   404  103  0  0
607   402  96  0  0
608   403  95  0  0
609   389  96  0  0
610   390  97  0  0
611   382  93  0  0
612   373  92  0  0
613   359  90  0  0
614   351  87  0  0
615   340  85  0  0
616   332  83  0  0
617   326  79  0  0
618   314  79  0  0
619   300  80  0  0
620   293  78  0  0
621   275  76  0  0
622   268  75  0  0
623   260  72  0  0
624   249  74  0  0
625   238  73  0  0
626   233  71  0  0
627   227  72  0  0
628   224  69  0  0
629   213  67  0  0
630   206  66  0  0
631   199  65  0  0
632   191  65  0  0
633   183  64  0  0
634   172  64  0  0
635   159  64  0  0
636   147  67  0  0
637   135  71  0  0
638   131  72  0  0
639   128  72  0  0
640   120  79  0  0
641   120  76  0  0
642   114  78  0  0
643   107  84  0  0
644   105  87  0  0
645   101  89  0  0
646   95  92  0  0
647   97  89  0  0
648   90  94  0  0
649   88  106  0  0
650   87  110  0  0
651   81  116  0  0
652   79  124  0  0
653   76  137  0  0
654   76  142  0  0
655   77  144  0  0
656   73  146  0  0
657   70  149  0  0
658   65  158  0  0
659   67  168  0  0
660   64  174  0  0
661   67  180  0  0
662   68  186  0  0
663   63  190  0  0
664   63  199  0  0
665   58  208  0  0
666   58  215  0  0
667   57  224  0  0
668   58  240  0  0
669   52  250  0  0
670   54  259  0  0
671   58  265  0  0
672   55  280  0  0
673   56  289  0  0
674   62  298  0  0
675   62  307  0  0
676   63  314  0  0
677   65  327  0  0
678   63  341  0  0
679   63  349  0  0
680   63  357  0  0
681   68  362  0  0
682   68  373  0  0
683   71  379  0  0
684   68  392  0  0
685   68  402  0  0
686   73  407  0  0
687   77  408  0  0
688   83  417  0  0
689   84  425  0  0
690   94  426  0  0
691   95  426  0  0
692   99  432  0  0
693   102  441  0  0
694   110  441  0  0
695   113  455  0  0
696   120  453  0  0
697   124  459  0  0
698   129  460  0  0
699   136  464  0  0
700   140  475  0  0
701   146  474  0  0
702   144  485  0  0
703   144  492  0  0
704   146  502  0  0
705   148  506  0  0
706   158  504  0  0
707   165  499  0  0
708   170  505  0  0
709   180  499  0  0
710   182  503  0  0
711   189  504  0  0
712   192  499  0  0
713   199  498  0  0
714   201  499  0  0
715   209  498  0  0
716   216  496  0  0
717   218  498  0  0
718   219  502  0  0
719   224  503  0  0
720   229  500  0  0
721   233  499  0  0
722   232  501  0  0
723   246  495  0  0
724   244  502  0  0
725   250  501  0  0
726   254  502  0  0
727   257  501  0  0
728   259  506  0  0
729   266  500  0  0
730   272  497  0  0
731   276  496  0  0
732   288  487  0  0
733   298  478  0  0
734   309  474  0  0
735   308  479  0  0
736   317  474  0  0
737   314  475  0  0
738   321  472  0  0
739   324  472  0  0
740   336  459  0  0
741   340  456  0  0
742   353  447  0  0
743   355  447  0  0
744   363  440  0  0
745   366  436  0  0
746   371  431  0  0
747   378  427  0  0
748   384  428  0  0
749   391  423  0  0
750   402  413  0  0
751   418  400  0  0
752   416  392  0  0
753   421  382  0  0
754   416  382  0  0
755   429  370  0  0
756   430  367  0  0
757   438  360  0  0
758   445  353  0  0
759   454  345  0  0
760   458  338  0  0
761   456  334  0  0
762   465  328  0  0
763   467  329  0  0
764   472  326  0  0
765   472  318  0  0
766   472  312  0  0
767   477  304  0  0
768   473  302  0  0
769   474  293  0  0
770   476  287  0  0
771   482  281  0  0
772   486  276  0  0
773   489  274  0  0
774   482  272  0  0
775   485  267  0  0
776   496  257  0  0
777   496  253  0  0
778   499  250  0  0
779   501  241  0  0
780   500  237  0  0
781   504  232  0  0
782   509  227  0  0
783   507  222  0  0
784   512  210  0  0
785   512  208  0  0
786   514  205  0  0
787   516  200  0  0
788   525  190  0  0
789   532  182  0  0
790   537  174  0  0
791   536  169  0  0
792   531  166  0  0
793   533  159  0  0
794   526  159  0  0
795   527  152  0  0
796   527  143  0  0
797   528  140  0  0
798   525  138  0  0
799   518  135  0  0
800   514  129  0  0
801   504  124  0  0
802   497  124  0  0
803   489  118  0  0
804   484  115  0  0
805   485  110  0  0
806   482  108  0  0
807   478  105  0  0
808   473  102  0  0
809   469  97  0  0
810   465  94  0  0
811   462  91  0  0
812   457  87  0  0
813   455  82  0  0
814   445  83  0  0
815   434  82  0  0
816   430  78  0  0
817   421  76  0  0
818   411  74  0  0
819   406  71  0  0
820   396  70  0  0
821   389  67  0  0
822   378  68  0  0
823   370  68  0  0
824   361  65  0  0
825   358  58  0  0
826   344  56  0  0
827   333  55  0  0
828   326  50  0  0
829   313  47  0  0
830   304  45  0  0
831   282  45  0  0
832   272  44  0  0
833   263  42  0  0
834   250  39  0  0
835   236  38  0  0
836   225  36  0  0
837   214  34  0  0
838   201  32  0  0
839   194  32  0  0
840   183  32  0  0
841   177  33  0  0
842   163  34  0  0
843   147  36  0  0
844   135  33  0  0
845   122  32  0  0
846   114  30  0  0
847   107  31  0  0
848   95  35  0  0
849   78  36  0  0
850   76  37  0  0
851   71  40  0  0
852   66  42  0  0
853   60  49  0  0
854   52  56  0  0
855   51  59  0  0
856   49  63  0  0
857   45  76  0  0
858   38  84  0  0
859   33  95  0  0
860   35  102  0  0
861   36  108  0  0
862   30  122  0  0
863   29  141  0  0
864   34  148  0  0
865   39  153  0  0
866   38  170  0  0
867   37  176  0  0
868   38  187  0  0
869   38  202  0  0
870   39  217  0  0
871   37  225  0  0
872   36  234  0  0
873   38  246  0  0
874   37  258  0  0
875   35  268  0  0
876   32  280  0  0
877   31  289  0  0
878   31  299  0  0
879   36  308  0  0
880   37  324  0  0
881   40  332  0  0
882   41  342  0  0
883   44  355  0  0
884   46  371  0  0
885   47  384  0  0
886   54  394  0  0
887   54  402  0  0
888   60  414  0  0
889   62  422  0  0
890   65  431  0  0
891   65  438  0  0
892   69  446  0  0
893   73  452  0  0
894   76  461  0  0
895   79  469  0  0
896   86  473  0  0
897   85  483  0  0
898   81  495  0  0
899   85  497  0  0
900   87  506  0  0
901   88  520  0  0
902   89  529  0  0
903   94  537  0  0
904   98  541  0  0
905   99  551  0  0
906   100  558  0  0
907   104  567  0  0
908   109  570  0  0
909   112  569  0  0
910   113  575  0  0
911   115  586  0  0
912   120  594  0  0
913   120  608  0  0
914   121  617  0  0
915   125  627  0  0
916   134  628  0  0
917   142  631  0  0
918   145  640  0  0
919   146  644  0  0
920   145  651  0  0
921   148  650  0  0
922   151  656  0  0
923   156  653  0  0
924   166  657  0  0
925   168  662  0  0
926   175  663  0  0
927   182  660  0  0
928   194  654  0  0
929   196  658  0  0
930   197  664  0  0
931   203  660  0  0
932   209  658  0  0
933   219  656  0  0
934   225  651  0  0
935   232  651  0  0
936   238  652  0  0
937   244  654  0  0
938   251  658  0  0
939   256  659  0  0
940   263  657  0  0
941   271  652  0  0
942   277  648  0  0
943   286  645  0  0
944   291  645  0  0
945   297  644  0  0
946   299  646  0  0
947   302  647  0  0
948   313  639  0  0
949   318  637  0  0
950   320  637  0  0
951   337  623  0  0
952   343  622  0  0
953   353  616  0  0
954   362  611  0  0
955   368  603  0  0
956   380  590  0  0
957   387  581  0  0
958   391  572  0  0
959   398  573  0  0
960   415  559  0  0
961   426  549  0  0
962   435  548  0  0
963   436  546  0  0
964   448  537  0  0
965   452  533  0  0
966   464  523  0  0
967   466  523  0  0
968   468  523  0  0
969   481  512  0  0
970   489  505  0  0
971   500  490  0  0
972   502  486  0  0
973   507  486  0  0
974   515  478  0  0
975   518  473  0  0
976   526  464  0  0
977   535  458  0  0
978   538  454  0  0
979   544  447  0  0
980   551  443  0  0
981   554  444  0  0
982   558  441  0  0
983   564  438  0  0
984   566  436  0  0
985   570  429  0  0
986   578  423  0  0
987   584  415  0  0
988   585  410  0  0
989   598  395  0  0
990   599  387  0  0
991   604  385  0  0
992   606  381  0  0
993   614  371  0  0
994   620  367  0  0
995   622  361  0  0
996   626  358  0  0
997   633  350  0  0
998   638  344  0  0
999   634  343  0  0
1000   640  335  0  0
1001   644  327  0  0
1002   648  318  0  0
1003   648  311  0  0
1004   656  302  0  0
1005   669  289  0  0
1006   673  275  0  0
1007   671  266  0  0
1008   669  260  0  0
1009   673  250  0  0
1010   677  238  0  0
1011   676  237  0  0
1012   678  234  0  0
1013   680  222  0  0
1014   678  218  0  0
1015   676  213  0  0
1016   670  213  0  0
1017   673  208  0  0
1018   669  203  0  0
1019   659  199  0  0
1020   668  187  0  0
1021   673  176  0  0
1022   676  167  0  0
1023   670  166  0  0
1024   672  159  0  0
1025   668  156  0  0
1026   666  150  0  0
1027   662  147  0  0
1028   662  139  0  0
1029   655  136  0  0
1030   654  128  0  0
1031   654  122  0  0
1032   648  116  0  0
1033   647  108  0  0
1034   645  106  0  0
1035   640  102  0  0
1036   631  98  0  0
1037   619  98  0  0
1038   619  92  0  0
1039   613  85  0  0
1040   608  83  0  0
1041   610  77  0  0
1042   601  71  0  0
1043   592  69  0  0
1044   582  67  0  0
1045   568  66  0  0
1046   552  62  0  0
1047   540  59  0  0
1048   530  59  0  0
1049   525  52  0  0
1050   505  50  0  0
1051   495  50  0  0
1052   481  51  0  0
1053   460  51  0  0
1054   445  48  0  0
1055   439  43  0  0
1056   434  38  0  0
1057   413  37  0  0
1058   400  39  0  0
1059   383  39  0  0
1060   369  37  0  0
1061   362  28  0  0
1062   354  23  0  0
1063   333  22  0  0
1064   324  21  0  0
1065   307  21  0  0
1066   296  20  0  0
1067   278  20  0  0
1068   259  19  0  0
1069   249  16  0  0
1070   234  14  0  0
1071   223  14  0  0
1072   204  14  0  0
1073   179  14  0  0
1074   160  17  0  0
1075   146  17  0  0
1076   128  17  0  0
1077   110  18  0  0
1078   95  20  0  0
1079   86  26  0  0
1080   76  32  0  0
1081   73  42  0  0
1082   63  49  0  0
1083   51  57  0  0
1084   46  60  0  0
1085   39  67  0  0
1086   36  72  0  0
1087   30  80  0  0
1088   26  87  0  0
1089   21  102  0  0
1090   22  114  0  0
1091   23  124  0  0
1092   23  130  0  0
1093   22  145  0  0
1094   24  153  0  0
1095   20  165  0  0
1096   17  182  0  0
1097   17  200  0  0
1098   20  211  0  0
1099   20  225  0  0
1100   20  241  0  0
1101   20  260  0  0
1102   21  274  0  0
1103   23  285  0  0
1104   23  304  0  0
1105   21  320  0  0
1106   21  335  0  0
1107   25  347  0  0
1108   24  362  0  0
1109   23  375  0  0
1110   24  389  0  0
1111   28  405  0  0
1112   31  421  0  0
1113   34  433  0  0
1114   34  450  0  0
1115   37  464  0  0
1116   42  473  0  0
1117   44  479  0  0
1118   50  490  0  0
1119   51  499  0  0
1120   54  515  0  0
1121   60  517  0  0
1122   61  528  0  0
1123   62  538  0  0
1124   68  543  0  0
1125   71  554  0  0
1126   76  564  0  0
1127   84  566  0  0
1128   89  569  0  0
1129   93  577  0  0
1130   98  585  0  0
1131   98  594  0  0
1132   104  596  0  0
1133   107  606  0  0
1134   115  603  0  0
1135   121  610  0  0
1136   122  610  0  0
1137   124  614  0  0
1138   130  616  0  0
1139   133  621  0  0
1140   138  622  0  0
1141   138  634  0  0
1142   145  636  0  0
1143   148  642  0  0
1144   156  644  0  0
1145   160  643  0  0
1146   165  646  0  0
1147   172  645  0  0
1148   176  648  0  0
1149   180  649  0  0
1150   193  648  0  0
1151   198  648  0  0
1152   205  645  0  0
1153   206  647  0  0
1154   213  643  0  0
1155   217  642  0  0
1156   227  634  0  0
1157   235  630  0  0
1158   242  630  0  0
1159   248  621  0  0
1160   256  622  0  0
1161   258  621  0  0
1162   268  618  0  0
1163   280  613  0  0
1164   289  608  0  0
1165   295  600  0  0
1166   299  597  0  0
1167   306  590  0  0
1168   309  588  0  0
1169   320  580  0  0
1170   324  574  0  0
1171   330  574  0  0
1172   339  568  0  0
1173   345  562  0  0
1174   360  551  0  0
1175   362  547  0  0
1176   380  533  0  0
1177   386  532  0  0
1178   389  528  0  0
1179   396  523  0  0
1180   404  515  0  0
1181   414  506  0  0
1182   426  499  0  0
1183   428  495  0  0
1184   432  490  0  0
1185   439  482  0  0
1186   446  475  0  0
1187   448  470  0  0
1188   454  468  0  0
1189   455  468  0  0
1190   460  462  0  0
1191   467  455  0  0
1192   472  448  0  0
1193   473  446  0  0
1194   477  440  0  0
1195   485  434  0  0
1196   491  429  0  0
1197   497  422  0  0
1198   508  414  0  0
1199   519  401  0  0
1200   528  392  0  0
1201   529  385  0  0
1202   537  379  0  0
1203   538  374  0  0
1204   552  358  0  0
1205   562  347  0  0
1206   569  336  0  0
1207   574  330  0  0
1208   573  328  0  0
1209   577  319  0  0
1210   572  313  0  0
1211   578  299  0  0
1212   582  293  0  0
1213   583  289  0  0
1214   586  280  0  0
1215   594  272  0  0
1216   595  265  0  0
1217   599  255  0  0
1218   599  253  0  0
1219   601  246  0  0
1220   601  240  0  0
1221   606  233  0  0
1222   605  230  0  0
1223   614  223  0  0
1224   607  223  0  0
1225   605  220  0  0
1226   608  216  0  0
1227   614  203  0  0
1228   620  191  0  0
1229   616  185  0  0
1230   620  176  0  0
1231   622  165  0  0
1232   615  161  0  0
1233   606  155  0  0
1234   600  151  0  0
1235   603  142  0  0
1236   600  134  0  0
1237   592  132  0  0
1238   585  131  0  0
1239   581  128  0  0
1240   581  125  0  0
1241   576  123  0  0
1242   569  120  0  0
1243   564  112  0  0
1244   560  109  0  0
1245   552  107  0  0
1246   542  100  0  0
1247   533  96  0  0
1248   532  90  0  0
1249   524  90  0  0
1250   519  86  0  0
1251   512  86  0  0
1252   508  81  0  0
1253   500  78  0  0
1254   496  78  0  0
1255   492  74  0  0
1256   488  70  0  0
1257   478  68  0  0
1258   464  68  0  0
1259   454  64  0  0
1260   443  60  0  0
1261   423  62  0  0
1262   420  56  0  0
1263   416  51  0  0
1264   401  51  0  0
1265   389  48  0  0
1266   373  50  0  0
1267   362  49  0  0
1268   339  51  0  0
1269   329  48  0  0
1270   314  48  0  0
1271   308  49  0  0
1272   301  47  0  0
1273   297  46  0  0
1274   282  45  0  0
1275   266  45  0  0
1276   264  38  0  0
1277   254  38  0  0
1278   244  35  0  0
1279   228  32  0  0
1280   206  32  0  0
1281   190  31  0  0
1282   177  31  0  0
1283   170  32  0  0
1284   158  36  0  0
1285   149  34  0  0
1286   140  31  0  0
1287   126  33  0  0
1288   112  36  0  0
1289   106  37  0  0
1290   94  41  0  0
1291   84  43  0  0
1292   76  46  0  0
1293   70  49  0  0
1294   70  53  0  0
1295   62  56  0  0
1296   52  66  0  0
1297   47  76  0  0
1298   45  78  0  0
1299   44  87  0  0
1300   47  92  0  0
1301   45  105  0  0
1302   45  116  0  0
1303   44  122  0  0
1304   45  137  0  0
1305   45  154  0  0
1306   41  168  0  0
1307   36  174  0  0
1308   34  183  0  0
1309   31  197  0  0
1310   32  206  0  0
1311   35  216  0  0
1312   33  233  0  0
1313   31  250  0  0
1314   29  261  0  0
1315   30  274  0  0
1316   34  289  0  0
1317   34  306  0  0
1318   36  325  0  0
1319   37  339  0  0
1320   39  353  0  0
1321   40  362  0  0
1322   38  374  0  0
1323   40  390  0  0
1324   41  399  0  0
1325   46  402  0  0
1326   50  409  0  0
1327   49  420  0  0
1328   47  433  0  0
1329   50  445  0  0
1330   56  447  0  0
1331   55  458  0  0
1332   58  468  0  0
1333   61  476  0  0
1334   61  485  0  0
1335   61  491  0  0
1336   65  497  0  0
1337   70  505  0  0
1338   76  508  0  0
1339   82  514  0  0
1340   85  523  0  0
1341   92  530  0  0
1342   98  533  0  0
1343   99  533  0  0
1344   101  538  0  0
1345   108  541  0  0
1346   108  546  0  0
1347   117  542  0  0
1348   117  557  0  0
1349   124  557  0  0
1350   136  553  0  0
1351   143  550  0  0
1352   148  557  0  0
1353   152  558  0  0
1354   159  559  0  0
1355   166  560  0  0
1356   171  561  0  0
1357   171  565  0  0
1358   178  566  0  0
1359   187  566  0  0
1360   191  567  0  0
1361   196  570  0  0
1362   202  564  0  0
1363   205  563  0  0
1364   208  566  0  0
1365   213  564  0  0
1366   218  564  0  0
1367   222  566  0  0
1368   225  567  0  0
1369   235  564  0  0
1370   240  558  0  0
1371   245  557  0  0
1372   256  546  0  0
1373   261  547  0  0
1374   271  539  0  0
1375   271  544  0  0
1376   275  542  0  0
1377   278  543  0  0
1378   290  537  0  0
1379   293  533  0  0
1380   298  528  0  0
1381   300  526  0  0
1382   304  522  0  0
1383   311  522  0  0
1384   318  513  0  0
1385   325  504  0  0
1386   337  493  0  0
1387   341  491  0  0
1388   349  495  0  0
1389   347  496  0  0
1390   355  489  0  0
1391   362  485  0  0
1392   368  489  0  0
1393   379  480  0  0
1394   387  474  0  0
1395   395  471  0  0
1396   408  461  0  0
1397   414  450  0  0
1398   420  448  0  0
1399   423  440  0  0
1400   428  433  0  0
1401   434  432  0  0
1402   432  433  0  0
1403   435  432  0  0
1404   442  424  0  0
1405   449  413  0  0
1406   452  406  0  0
1407   459  403  0  0
1408   470  396  0  0
1409   472  399  0  0
1410   483  389  0  0
1411   490  382  0  0
1412   493  377  0  0
1413   499  367  0  0
1414   506  358  0  0
1415   518  341  0  0
1416   522  338  0  0
1417   520  334  0  0
1418   521  330  0  0
1419   523  324  0  0
1420   528  324  0  0
1421   535  315  0  0
1422   535  308  0  0
1423   531  306  0  0
1424   536  300  0  0
1425   545  294  0  0
1426   547  288  0  0
1427   557  279  0  0
1428   556  276  0  0
1429   555  267  0  0
1430   550  267  0  0
1431   555  258  0  0
1432   551  251  0  0
1433   548  247  0  0
1434   546  239  0  0
1435   549  234  0  0
1436   559  225  0  0
1437   559  217  0  0
1438   554  211  0  0
1439   556  204  0  0
1440   554  205  0  0
1441   557  198  0  0
1442   561  191  0  0
1443   567  182  0  0
1444   571  172  0  0
1445   571  165  0  0
1446   577  155  0  0
1447   580  146  0  0
1448   575  139  0  0
1449   578  132  0  0
1450   577  129  0  0
1451   569  128  0  0
1452   569  120  0  0
1453   568  118  0  0
1454   561  113  0  0
1455   554  112  0  0
1456   549  110  0  0
1457   547  101  0  0
1458   544  98  0  0
1459   544  90  0  0
1460   537  80  0  0
1461   529  77  0  0
1462   517  77  0  0
1463   503  76  0  0
1464   495  71  0  0
1465   484  67  0  0
1466   468  68  0  0
1467   458  68  0  0
1468   451  65  0  0
1469   441  64  0  0
1470   437  58  0  0
1471   425  55  0  0
1472   418  51  0  0
1473   401  48  0  0
1474   395  44  0  0
1475   386  40  0  0
1476   367  39  0  0
1477   364  37  0  0
1478   353  32  0  0
1479   335  30  0  0
1480   324  25  0  0
1481   309  23  0  0
1482   289  23  0  0
1483   276  22  0  0
1484   263  19  0  0
1485   247  16  0  0
1486   232  14  0  0
1487   216  13  0  0
1488   201  14  0  0
1489   182  14  0  0
1490   164  15  0  0
1491   150  14  0  0
1492   133  17  0  0
1493   115  16  0  0
1494   97  19  0  0
1495   84  18  0  0
1496   68  20  0  0
1497   49  24  0  0
1498   38  28  0  0
1499   26  37  0  0
1500   21  42  0  0
1501   17  58  0  0
1502   15  70  0  0
1503   14  85  0  0
1504   13  99  0  0
1505   13  113  0  0
1506   11  126  0  0
1507   10  147  0  0
1508   11  170  0  0
1509   8  190  0  0
1510   7  205  0  0
1511   10  216  0  0
1512   8  241  0  0
1513   7  261  0  0
1514   7  278  0  0
1515   8  308  0  0
1516   7  323  0  0
1517   7  344  0  0
1518   5  361  0  0
1519   7  383  0  0
1520   8  407  0  0
1521   11  426  0  0
1522   12  450  0  0
1523   13  466  0  0
1524   14  482  0  0
1525   14  498  0  0
1526   16  511  0  0
1527   16  530  0  0
1528   13  548  0  0
1529   14  563  0  0
1530   15  583  0  0
1531   15  604  0  0
1532   14  620  0  0
1533   13  638  0  0
1534   15  655  0  0
1535   16  678  0  0
1536   16  695  0  0
1537   19  712  0  0
1538   20  727  0  0
1539   20  750  0  0
1540   20  768  0  0
1541   19  791  0  0
1542   19  809  0  0
1543   23  823  0  0
1544   26  837  0  0
1545   26  858  0  0
1546   26  879  0  0
1547   26  889  0  0
1548   25  901  0  0
1549   26  919  0  0
1550   27  937  0  0
1551   28  948  0  0
1552   33  966  0  0
1553   36  976  0  0
1554   38  992  0  0
1555   38  1008  0  0
1556   39  1022  0  0
1557   42  1036  0  0
1558   45  1047  0  0
1559   51  1058  0  0
1560   53  1071  0  0
1561   57  1083  0  0
1562   61  1089  0  0
1563   65  1098  0  0
1564   68  1110  0  0
1565   72  1121  0  0
1566   78  1127  0  0
1567   79  1144  0  0
1568   81  1151  0  0
1569   86  1154  0  0
1570   91  1160  0  0
1571   96  1162  0  0
1572   104  1165  0  0
1573   113  1166  0  0
1574   123  1167  0  0
1575   132  1165  0  0
1576   136  1169  0  0
1577   149  1166  0  0
1578   156  1166  0  0
1579   164  1165  0  0
1580   172  1167  0  0
1581   177  1170  0  0
1582   182  1173  0  0
1583   193  1171  0  0
1584   203  1171  0  0
1585   212  1165  0  0
1586   223  1164  0  0
1587   227  1169  0  0
1588   233  1172  0  0
1589   245  1168  0  0
1590   258  1165  0  0
1591   266  1158  0  0
1592   271  1154  0  0
1593   285  1144  0  0
1594   291  1143  0  0
1595   303  1134  0  0
1596   314  1128  0  0
1597   317  1125  0  0
1598   328  1117  0  0
1599   335  1112  0  0
1600   340  1113  0  0
1601   349  1113  0  0
1602   360  1104  0  0
1603   367  1105  0  0
1604   374  1105  0  0
1605   382  1105  0  0
1606   393  1096  0  0
1607   398  1095  0  0
1608   412  1080  0  0
1609   416  1083  0  0
1610   430  1072  0  0
1611   440  1068  0  0
1612   446  1063  0  0
1613   459  1055  0  0
1614   467  1054  0  0
1615   476  1046  0  0
1616   484  1034  0  0
1617   500  1022  0  0
1618   513  1009  0  0
1619   519  1009  0  0
1620   526  1004  0  0
1621   536  1000  0  0
1622   544  992  0  0
1623   548  984  0  0
1624   567  967  0  0
1625   588  953  0  0
1626   600  943  0  0
1627   613  931  0  0
1628   623  925  0  0
1629   637  918  0  0
1630   643  915  0  0
1631   656  902  0  0
1632   667  896  0  0
1633   682  881  0  0
1634   694  876  0  0
1635   702  869  0  0
1636   720  854  0  0
1637   733  839  0  0
1638   745  826  0  0
1639   750  821  0  0
1640   758  814  0  0
1641   760  807  0  0
1642   774  793  0  0
1643   783  782  0  0
1644   792  776  0  0
1645   807  759  0  0
1646   823  742  0  0
1647   834  729  0  0
1648   848  717  0  0
1649   853  714  0  0
1650   852  707  0  0
1651   861  698  0  0
1652   866  694  0  0
1653   881  682  0  0
1654   894  668  0  0
1655   905  655  0  0
1656   913  643  0  0
1657   934  624  0  0
1658   942  617  0  0
1659   946  611  0  0
1660   956  599  0  0
1661   962  586  0  0
1662   970  570  0  0
1663   980  558  0  0
1664   992  545  0  0
1665   1000  534  0  0
1666   1005  526  0  0
1667   1019  516  0  0
1668   1022  511  0  0
1669   1032  498  0  0
1670   1038  487  0  0
1671   1044  478  0  0
1672   1050  467  0  0
1673   1058  460  0  0
1674   1068  448  0  0
1675   1075  435  0  0
1676   1076  427  0  0
1677   1081  418  0  0
1678   1087  410  0  0
1679   1089  400  0  0
1680   1103  386  0  0
1681   1112  374  0  0
1682   1124  363  0  0
1683   1128  355  0  0
1684   1127  348  0  0
1685   1132  342  0  0
1686   1141  330  0  0
1687   1140  326  0  0
1688   1147  313  0  0
1689   1155  304  0  0
1690   1157  296  0  0
1691   1158  287  0  0
1692   1162  277  0  0
1693   1166  267  0  0
1694   1171  259  0  0
1695   1174  250  0  0
1696   1174  243  0  0
1697   1172  236  0  0
1698   1176  228  0  0
1699   1179  216  0  0
1700   1180  211  0  0
1701   1169  207  0  0
1702   1174  195  0  0
1703   1176  182  0  0
1704   1175  174  0  0
1705   1184  165  0  0
1706   1183  158  0  0
1707   1180  155  0  0
1708   1172  149  0  0
1709   1170  138  0  0
1710   1164  132  0  0
1711   1163  124  0  0
1712   1150  120  0  0
1713   1148  110  0  0
1714   1141  107  0  0
1715   1132  99  0  0
1716   1129  95  0  0
1717   1124  88  0  0
1718   1122  81  0  0
1719   1110  78  0  0
1720   1101  75  0  0
1721   1090  69  0  0
1722   1080  66  0  0
1723   1073  58  0  0
1724   1064  52  0  0
1725   1052  49  0  0
1726   1040  47  0  0
1727   1028  47  0  0
1728   1016  44  0  0
1729   1000  43  0  0
1730   988  39  0  0
1731   975  41  0  0
1732   961  40  0  0
1733   952  36  0  0
1734   932  36  0  0
1735   915  33  0  0
1736   905  32  0  0
1737   891  28  0  0
1738   879  25  0  0
1739   863  24  0  0
1740   849  26  0  0
1741   835  23  0  0
1742   816  23  0  0
1743   806  20  0  0
1744   792  19  0  0
1745   777  19  0  0
1746   759  18  0  0
1747   744  15  0  0
1748   726  14  0  0
1749   713  11  0  0
1750   693  11  0  0
1751   675  11  0  0
1752   663  9  0  0
1753   647  10  0  0
1754   632  9  0  0
1755   613  8  0  0
1756   597  8  0  0
1757   581  7  0  0
1758   552  7  0  0
1759   532  7  0  0
1760   512  7  0  0
1761   493  5  0  0
1762   478  4  0  0
1763   464  4  0  0
1764   446  4  0  0
1765   430  4  0  0
1766   407  4  0  0
1767   387  4  0  0
1768   367  4  0  0
1769   345  4  0  0
1770   322  4  0  0
1771   306  4  0  0
1772   285  4  0  0
1773   266  4  0  0
1774   248  3  0  0
1775   229  3  0  0
1776   216  3  0  0
1777   192  3  0  0
1778   167  3  0  0
1779   151  2  0  0
1780   135  2  0  0
1781   116  3  0  0
1782   96  2  0  0
1783   72  1  0  0
1784   52  1  0  0
1785   37  1  0  0
1786   17  1  0  0
1787   6  12  0  0
1788   3  27  0  0
1789   0  50  0  0
1790   0  68  0  0
1791   0  90  0  0
1792   0  108  0  0
1793   0  124  0  0
1794   0  145  0  0
1795   0  163  0  0
1796   0  181  0  0
1797   0  197  0  0
1798   0  216  0  0
1799   0  235  0  0
1800   0  251  0  0
1801   0  269  0  0
1802   0  287  0  0
1803   0  313  0  0
1804   0  328  0  0
1805   0  347  0  0
1806   0  363  0  0
1807   0  381  0  0
1808   0  400  0  0
1809   0  416  0  0
1810   0  433  0  0
1811   0  454  0  0
1812   0  476  0  0
1813   0  497  0  0
1814   0  521  0  0
1815   0  542  0  0
1816   0  563  0  0
1817   0  581  0  0
1818   0  599  0  0
1819   0  619  0  0
1820   0  636  0  0
1821   0  660  0  0
1822   0  681  0  0
1823   0  704  0  0
1824   0  726  0  0
1825   0  744  0  0
1826   0  766  0  0
1827   0  780  0  0
1828   0  797  0  0
1829   0  819  0  0
1830   0  837  0  0
1831   0  853  0  0
1832   0  872  0  0
1833   0  893  0  0
1834   0  913  0  0
1835   0  932  0  0
1836   0  959  0  0
1837   0  975  0  0
1838   0  995  0  0
1839   0  1013  0  0
1840   0  1034  0  0
1841   0  1053  0  0
1842   0  1077  0  0
1843   0  1094  0  0
1844   0  1114  0  0
1845   0  1142  0  0
1846   0  1157  0  0
1847   0  1181  0  0
1848   0  1202  0  0
1849   0  1221  0  0
1850   0  1245  0  0
1851   0  1260  0  0
1852   0  1280  0  0
1853   0  1306  0  0
1854   0  1322  0  0
1855   0  1342  0  0
1856   0  1364  0  0
1857   0  1378  0  0
1858   0  1399  0  0
1859   0  1417  0  0
1860   0  1437  0  0
1861   0  1458  0  0
1862   0  1474  0  0
1863   0  1498  0  0
1864   0  1519  0  0
1865   0  1545  0  0
1866   0  1564  0  0
1867   0  1582  0  0
1868   0  1597  0  0
1869   0  1620  0  0
1870   0  1636  0  0
1871   0  1656  0  0
1872   0  1674  0  0
1873   0  1696  0  0
1874   0  1713  0  0
1875   0  1732  0  0
1876   0  1754  0  0
1877   0  1773  0  0
1878   0  1792  0  0
1879   0  1811  0  0
1880   0  1832  0  0
1881   0  1852  0  0
1882   0  1881  0  0
1883   0  1896  0  0
1884   0  1914  0  0
1885   0  1932  0  0
1886   0  1950  0  0
1887   0  1971  0  0
1888   0  1989  0  0
1889   0  2013  0  0
1890   0  2032  0  0
1891   0  2048  0  0
1892   0  2067  0  0
1893   0  2091  0  0
1894   0  2110  0  0
1895   0  2132  0  0
1896   0  2151  0  0
1897   0  2171  0  0
1898   0  2189  0  0
1899   0  2210  0  0
1900   0  2224  0  0
1901   0  2243  0  0
1902   0  2260  0  0
1903   0  2280  0  0
1904   0  2302  0  0
1905   0  2322  0  0
1906   0  2341  0  0
1907   0  2360  0  0
1908   0  2380  0  0
1909   0  2399  0  0
1910   0  2420  0  0
1911   0  2440  0  0
1912   0  2457  0  0
1913   0  2481  0  0
1914   0  2502  0  0
1915   0  2524  0  0
1916   0  2542  0  0
1917   0  2563  0  0
1918   0  2581  0  0
1919   0  2597  0  0
1920   0  2614  0  0
1921   0  2633  0  0
1922   0  2655  0  0
1923   0  2677  0  0
1924   0  2705  0  0
1925   0  2730  0  0
1926   0  2757  0  0
1927   0  2779  0  0
1928   0  2798  0  0
1929   0  2821  0  0
1930   0  2839  0  0
1931   0  2857  0  0
1932   0  2880  0  0
1933   0  2903  0  0
1934   0  2924  0  0
1935   0  2942  0  0
