0   40.004  80.033  8.11856  65.911
1   41.811  83.432  107.03  11455.4
2   43.809  86.77  155.142  24069.1
3   45.862  89.966  193.646  37498.8
4   48.067  93.057  226.327  51223.8
5   50.415  95.829  258.247  66691.8
6   52.9  98.131  288.492  83227.8
7   55.551  100.257  314.476  98895
8   58.318  102.242  344.937  118981
9   60.992  103.913  368.643  135897
10   64.044  105.296  398.214  158574
11   66.989  106.593  422.236  178283
12   70.077  107.408  446.524  199384
13   73.178  108.074  471.095  221931
14   76.496  108.434  492.8  242852
15   79.702  108.721  513.172  263345
16   83.019  108.646  541.384  293097
17   86.359  108.456  563.424  317446
18   89.736  107.994  583.097  340002
19   93.135  107.294  595.054  354090
20   96.627  106.573  613.961  376949
21   100.045  105.532  630.085  397007
22   103.65  104.137  648.338  420342
23   107.235  102.768  660.756  436598
24   110.732  101.27  680.605  463223
25   114.32  99.58  693.439  480858
26   117.769  97.852  708.143  501466
27   121.259  95.879  711.337  506000
28   124.61  93.763  717.924  515415
29   127.968  91.512  724.87  525436
30   131.228  89.108  731.768  535484
31   134.524  86.709  742.084  550688
32   137.654  84.155  741.817  550293
33   140.599  81.662  748.341  560014
34   143.32  79.078  753.506  567772
35   146.068  76.475  753.785  568191
36   148.711  73.696  752.057  565590
37   151.201  70.829  746.896  557854
38   153.321  68.055  740.465  548288
39   155.355  65.208  735.1  540373
40   157.179  62.56  729.619  532344
41   158.809  59.713  724.862  525425
42   160.002  56.984  717.43  514706
43   161.256  54.15  709.168  502919
44   162.069  51.388  697.699  486783
45   162.575  48.705  683.187  466744
46   162.956  46.008  672.463  452206
47   162.903  43.449  652.444  425683
48   162.644  40.802  634.269  402297
49   161.974  38.442  614.245  377297
50   160.914  36.124  597.202  356651
51   159.524  33.856  576.992  332919
52   157.604  31.763  557.875  311225
53   155.666  29.649  535.655  286926
54   153.148  27.71  515.113  265342
55   150.485  25.791  488.794  238919
56   147.2  24.129  463.912  215214
57   143.643  22.508  445.459  198434
58   139.934  21.146  421.377  177559
59   135.783  19.801  407.168  165785
60   131.332  18.723  394.33  155496
61   126.646  17.71  384.429  147786
62   121.628  16.955  378.334  143137
63   116.603  16.406  381.061  145207
64   111.221  15.974  392.524  154075
65   105.895  15.753  407.539  166088
66   100.432  15.708  427.718  182943
67   95.152  15.816  451.828  204148
68   89.902  16.137  487.832  237980
69   84.622  16.627  525.766  276430
70   79.368  17.363  566.494  320915
71   74.362  18.256  615.211  378484
72   69.448  19.572  669.944  448825
73   64.986  21.059  725.342  526122
74   60.511  22.806  786.766  619000
75   56.48  24.726  851.674  725349
76   53.009  26.777  913.747  834933
77   49.725  29.12  975.531  951662
78   46.817  31.74  1038.32  1.07811e+06
79   44.266  34.403  1101.5  1.2133e+06
80   42.119  37.182  1163.41  1.35353e+06
81   40.228  40.356  1224.42  1.49922e+06
82   38.728  43.489  1282.36  1.64446e+06
83   37.678  46.542  1337.55  1.78905e+06
84   36.892  49.802  1388.98  1.92926e+06
85   36.32  53.154  1441.76  2.07866e+06
86   36.153  56.292  1490.64  2.22201e+06
87   35.983  59.688  1543.26  2.38165e+06
88   36.085  63.095  1593.78  2.54014e+06
89   36.426  66.343  1640.22  2.69031e+06
90   36.917  69.669  1686.56  2.84448e+06
91   37.608  72.963  1733.89  3.00639e+06
92   38.497  75.967  1776.8  3.15703e+06
93   39.606  79.051  1821.65  3.31842e+06
94   40.72  82.013  1863.41  3.47229e+06
95   42.216  84.794  1899.34  3.60749e+06
96   43.747  87.344  1943.57  3.77746e+06
97   45.434  89.843  1987.06  3.94841e+06
98   47.075  92.219  2026.42  4.10639e+06
99   48.911  94.323  2065.56  4.26653e+06
100   50.955  96.31  2103.82  4.42607e+06
101   52.855  98.362  2141.86  4.58755e+06
102   55.006  99.997  2178.29  4.74497e+06
103   57.137  101.553  2211.45  4.8905e+06
104   59.53  102.778  2248.61  5.05624e+06
105   61.801  103.76  2278.33  5.19077e+06
106   64.081  104.839  2312.31  5.34679e+06
107   66.64  105.542  2342.86  5.48897e+06
108   69.19  106.119  2372.39  5.62826e+06
109   71.911  106.401  2396.78  5.74457e+06
110   74.624  106.529  2421.19  5.86217e+06
111   77.162  106.701  2451.03  6.00757e+06
112   79.749  106.667  2474.4  6.12265e+06
113   82.57  106.346  2500.91  6.25457e+06
114   85.249  105.903  2527.01  6.38577e+06
115   87.828  105.37  2545.11  6.47761e+06
116   90.552  104.676  2564.88  6.57863e+06
117   93.352  103.628  2579.18  6.65215e+06
118   96.191  102.462  2590.15  6.70887e+06
119   98.911  101.188  2600.74  6.76383e+06
120   101.458  100.014  2614.19  6.83397e+06
121   104.09  98.758  2627.5  6.90375e+06
122   106.683  97.272  2635.66  6.94669e+06
123   109.172  95.787  2644.2  6.99182e+06
124   111.717  94.005  2649.41  7.01936e+06
125   114.046  92.321  2655.19  7.05004e+06
126   116.318  90.494  2655.88  7.05368e+06
127   118.367  88.712  2661.11  7.08152e+06
128   120.428  86.938  2662.07  7.08659e+06
129   122.306  85.117  2662.2  7.08732e+06
130   124.104  83.206  2662.47  7.08875e+06
131   125.936  81.212  2657.58  7.06274e+06
132   127.69  79.097  2649.79  7.0214e+06
133   129.325  76.982  2646.22  7.00247e+06
134   130.755  74.836  2648.67  7.01547e+06
135   132.086  72.675  2641.95  6.97989e+06
136   133.275  70.487  2633.67  6.9362e+06
137   134.345  68.357  2628.96  6.91144e+06
138   135.277  66.258  2624.87  6.88994e+06
139   135.966  64.143  2617.57  6.85169e+06
140   136.596  62.014  2608.82  6.80594e+06
141   136.915  59.969  2604.2  6.78184e+06
142   137.044  58.06  2603.22  6.77675e+06
143   137.025  56.102  2594.67  6.73233e+06
144   136.957  54.276  2587.74  6.69641e+06
145   136.533  52.412  2583.11  6.67244e+06
146   136.101  50.721  2580.7  6.66003e+06
147   135.537  48.944  2576.87  6.64025e+06
148   134.811  47.244  2568.98  6.59965e+06
149   133.814  45.781  2567.97  6.59448e+06
150   132.63  44.484  2570.07  6.60527e+06
151   131.15  43.21  2574.43  6.6277e+06
152   129.612  42.083  2579.76  6.65514e+06
153   127.933  41.061  2587.86  6.69703e+06
154   126.181  40.042  2595.43  6.73624e+06
155   124.106  39.195  2607.29  6.79797e+06
156   121.973  38.466  2619.04  6.85935e+06
157   119.888  37.753  2629.77  6.9157e+06
158   117.731  37.156  2643.08  6.98586e+06
159   115.511  36.66  2659.23  7.07149e+06
160   113.104  36.344  2678.67  7.17526e+06
161   110.712  36.2  2701.86  7.30004e+06
162   108.466  35.986  2722.14  7.41006e+06
163   105.986  35.936  2747.92  7.55107e+06
164   103.468  36.155  2775.69  7.70445e+06
165   101.051  36.473  2806.77  7.87798e+06
166   98.558  36.749  2832.03  8.0204e+06
167   95.915  37.284  2867.11  8.2203e+06
168   93.407  37.893  2901.75  8.42018e+06
169   90.94  38.511  2941.94  8.65504e+06
170   88.48  39.1  2976.21  8.8578e+06
171   86.014  39.956  3016.16  9.09723e+06
172   83.66  40.911  3055.9  9.33852e+06
173   81.307  42.011  3097.36  9.59367e+06
174   79.048  43.184  3141.3  9.86775e+06
175   76.869  44.291  3185.55  1.01477e+07
176   74.852  45.475  3228.33  1.04221e+07
177   72.933  46.74  3267.53  1.06768e+07
178   71.208  48.122  3314.12  1.09834e+07
179   69.483  49.437  3358.6  1.12802e+07
180   67.871  50.894  3410.78  1.16334e+07
181   66.403  52.259  3461.7  1.19834e+07
182   65.034  53.772  3507.97  1.23059e+07
183   63.759  55.303  3554.75  1.26362e+07
184   62.584  56.73  3598.11  1.29464e+07
185   61.616  58.124  3649.45  1.33185e+07
186   60.687  59.525  3698.19  1.36766e+07
187   59.795  60.901  3744.03  1.40177e+07
188   59.073  62.092  3787.02  1.43415e+07
189   58.543  63.467  3835.77  1.47131e+07
190   58.119  64.736  3882.83  1.50764e+07
191   57.907  65.951  3934.15  1.54775e+07
192   57.811  67.089  3981.68  1.58538e+07
193   57.682  68.285  4030.93  1.62484e+07
194   57.79  69.418  4077.17  1.66233e+07
195   57.932  70.438  4124.67  1.70129e+07
196   58.21  71.239  4167.87  1.73711e+07
197   58.563  72.024  4217.79  1.77898e+07
198   58.9  72.875  4265.59  1.81953e+07
199   59.27  73.605  4309.32  1.85702e+07
200   59.705  74.368  4356.31  1.89774e+07
201   60.24  75.012  4395.93  1.93242e+07
202   60.898  75.569  4439.46  1.97088e+07
203   61.625  76.081  4483.84  2.01049e+07
204   62.382  76.423  4525.06  2.04761e+07
205   63.138  76.757  4569.95  2.08844e+07
206   63.97  77.062  4610.48  2.12565e+07
207   64.735  77.281  4651.18  2.16335e+07
208   65.634  77.473  4699.79  2.2088e+07
209   66.529  77.419  4744.88  2.25138e+07
210   67.572  77.335  4786.74  2.29129e+07
211   68.579  77.217  4827.32  2.3303e+07
212   69.591  76.957  4866.92  2.36869e+07
213   70.491  76.789  4905.27  2.40617e+07
214   71.664  76.346  4942.15  2.44249e+07
215   72.61  75.97  4978.32  2.47837e+07
216   73.588  75.618  5016.85  2.51688e+07
217   74.456  75.219  5052.19  2.55246e+07
218   75.382  74.761  5090.01  2.59082e+07
219   76.303  74.221  5131.74  2.63347e+07
220   77.209  73.669  5169.86  2.67274e+07
221   78.106  72.946  5208.35  2.7127e+07
222   78.982  72.274  5247.55  2.75368e+07
223   79.675  71.619  5285.34  2.79348e+07
224   80.304  70.907  5320.23  2.83048e+07
225   81.086  70.057  5356.21  2.86889e+07
226   81.629  69.393  5394.24  2.90978e+07
227   82.268  68.629  5431.23  2.94982e+07
228   82.709  67.837  5462.63  2.98403e+07
229   82.988  67.144  5497.42  3.02216e+07
230   83.25  66.407  5532.91  3.06131e+07
231   83.511  65.732  5571.46  3.10412e+07
232   83.83  64.971  5604.23  3.14074e+07
233   84.04  64.241  5640.28  3.18127e+07
234   84.235  63.442  5675.11  3.22068e+07
235   84.348  62.714  5711.64  3.26229e+07
236   84.267  62.068  5750.2  3.30648e+07
237   84.314  61.377  5785.14  3.34678e+07
238   84.203  60.646  5819.26  3.38638e+07
239   84.018  60.072  5857.16  3.43063e+07
240   83.587  59.609  5895.99  3.47628e+07
241   83.172  59.048  5934.28  3.52156e+07
242   82.713  58.712  5974.49  3.56945e+07
243   82.266  58.174  6013.93  3.61674e+07
244   81.807  57.799  6049.45  3.65958e+07
245   81.276  57.468  6091.4  3.71051e+07
246   80.676  57.221  6136.13  3.76521e+07
247   80.157  56.664  6178.43  3.8173e+07
248   79.476  56.463  6220.23  3.86912e+07
249   78.765  56.172  6262.93  3.92243e+07
250   78.06  55.849  6307.8  3.97883e+07
251   77.213  55.698  6348.82  4.03075e+07
252   76.53  55.481  6391.23  4.08478e+07
253   75.723  55.245  6436.92  4.14339e+07
254   74.703  55.232  6482.2  4.20189e+07
255   73.835  55.21  6532.38  4.26719e+07
256   72.926  55.091  6573.71  4.32137e+07
257   71.954  55.235  6622.01  4.3851e+07
258   70.976  55.287  6670.44  4.44947e+07
259   70.088  55.419  6714.23  4.50809e+07
260   69.278  55.621  6763.55  4.57456e+07
261   68.364  55.915  6810.98  4.63894e+07
262   67.648  56.128  6858.42  4.70379e+07
263   66.659  56.514  6909.3  4.77384e+07
264   65.888  56.747  6961.3  4.84598e+07
265   64.911  57.208  7010.67  4.91495e+07
266   64.222  57.605  7059.06  4.98303e+07
267   63.409  57.966  7104.77  5.04778e+07
268   62.668  58.381  7153.32  5.117e+07
269   61.847  58.887  7205.32  5.19166e+07
270   60.912  59.455  7255.01  5.26352e+07
271   60.082  60.017  7309.81  5.34333e+07
272   59.325  60.571  7364.56  5.42367e+07
273   58.495  61.248  7417.01  5.5012e+07
274   57.77  61.833  7469.69  5.57963e+07
275   57.078  62.33  7521.68  5.65756e+07
276   56.318  62.903  7575.88  5.73939e+07
277   55.58  63.639  7629.3  5.82062e+07
278   54.944  64.326  7685.16  5.90617e+07
279   54.302  64.94  7735.27  5.98344e+07
280   53.659  65.501  7787.33  6.06424e+07
281   53.075  66.151  7836.78  6.14152e+07
282   52.501  66.71  7886.35  6.21944e+07
283   52.153  67.204  7940.17  6.30462e+07
284   51.739  67.835  7992.42  6.38788e+07
285   51.366  68.398  8042.04  6.46745e+07
286   51.074  69.121  8092.68  6.54914e+07
287   50.838  69.658  8140.99  6.62757e+07
288   50.644  70.221  8191.81  6.71058e+07
289   50.571  70.764  8246.97  6.80126e+07
290   50.614  71.228  8295.97  6.88232e+07
291   50.554  71.764  8350.17  6.97253e+07
292   50.546  72.214  8403.66  7.06214e+07
293   50.534  72.529  8457.22  7.15247e+07
294   50.559  72.908  8508.13  7.23883e+07
295   50.567  73.362  8559.27  7.3261e+07
296   50.634  73.638  8607.47  7.40885e+07
297   50.797  73.845  8659.13  7.49804e+07
298   50.993  73.997  8707.08  7.58133e+07
299   51.274  74.118  8753.12  7.66172e+07
300   51.564  74.166  8805.06  7.7529e+07
301   51.844  74.363  8855.43  7.84187e+07
302   52.085  74.45  8907.04  7.93354e+07
303   52.42  74.428  8957.91  8.02441e+07
304   52.622  74.486  9010.37  8.11868e+07
305   52.911  74.488  9061.2  8.21053e+07
306   53.207  74.38  9115.09  8.30849e+07
307   53.515  74.344  9169.15  8.40732e+07
308   53.946  74.146  9216.92  8.49516e+07
309   54.272  73.972  9265.61  8.58516e+07
310   54.552  73.855  9312.79  8.67281e+07
311   54.792  73.744  9365.37  8.77102e+07
312   55.127  73.434  9410.92  8.85654e+07
313   55.367  73.165  9459.64  8.94848e+07
314   55.534  73.016  9508.98  9.04207e+07
315   55.732  72.785  9567.44  9.15358e+07
316   55.883  72.496  9620.19  9.25481e+07
317   56.083  72.175  9669.85  9.35061e+07
318   56.161  71.953  9719.29  9.44646e+07
319   56.185  71.791  9773.21  9.55156e+07
320   56.283  71.543  9824.1  9.65129e+07
321   56.4  71.171  9869.56  9.74083e+07
322   56.468  70.923  9919.91  9.84046e+07
323   56.516  70.614  9969.58  9.93926e+07
324   56.504  70.342  10021.1  1.00422e+08
325   56.478  70.145  10067.8  1.0136e+08
326   56.35  70.039  10118.8  1.02389e+08
327   56.277  69.809  10164.3  1.03314e+08
328   56.172  69.623  10221.4  1.04476e+08
329   55.933  69.466  10274.3  1.05562e+08
330   55.766  69.243  10321.5  1.06533e+08
331   55.603  68.998  10375.2  1.07644e+08
332   55.303  68.924  10424.8  1.08676e+08
333   54.902  68.864  10477.7  1.09782e+08
334   54.512  68.729  10526.8  1.10815e+08
335   54.107  68.657  10580.4  1.11945e+08
336   53.89  68.588  10633.7  1.13075e+08
337   53.485  68.458  10683.8  1.14143e+08
338   53.082  68.374  10736.4  1.1527e+08
339   52.502  68.446  10793  1.16488e+08
340   52.119  68.485  10848  1.17679e+08
341   51.767  68.518  10902.1  1.18855e+08
342   51.215  68.623  10952.6  1.1996e+08
343   50.72  68.711  11009.4  1.21206e+08
344   50.249  68.766  11062.1  1.22371e+08
345   49.781  68.866  11109.5  1.23422e+08
346   49.271  69.067  11162.7  1.24606e+08
347   48.713  69.292  11218.2  1.25847e+08
348   48.239  69.489  11277.3  1.27178e+08
349   47.783  69.656  11328  1.28323e+08
350   47.224  69.872  11381.2  1.29532e+08
351   46.742  70.105  11435.7  1.30775e+08
352   46.245  70.382  11491.2  1.32048e+08
353   45.825  70.649  11543.3  1.33247e+08
354   45.355  70.991  11597.6  1.34504e+08
355   44.879  71.381  11653.2  1.35798e+08
356   44.444  71.631  11703.5  1.36972e+08
357   43.962  72.036  11756  1.38204e+08
358   43.484  72.465  11805.8  1.39378e+08
359   42.922  72.827  11857.1  1.4059e+08
360   42.474  73.28  11907.3  1.41784e+08
361   41.984  73.722  11957.1  1.42972e+08
362   41.555  74.185  12010.6  1.44255e+08
363   41.141  74.707  12064.4  1.45549e+08
364   40.653  75.164  12119.6  1.46884e+08
365   40.26  75.599  12172.6  1.48172e+08
366   39.944  76.026  12229.8  1.49568e+08
367   39.614  76.627  12279.5  1.50787e+08
368   39.239  77.132  12333.1  1.52105e+08
369   38.87  77.587  12386.8  1.53433e+08
370   38.525  78.181  12440.5  1.54767e+08
371   38.356  78.614  12495.1  1.56128e+08
372   38.107  79.163  12548.9  1.57474e+08
373   37.886  79.587  12601.7  1.58802e+08
374   37.725  79.985  12655.1  1.60151e+08
375   37.572  80.369  12705.8  1.61438e+08
376   37.364  80.744  12763.7  1.62911e+08
377   37.175  81.272  12819.5  1.6434e+08
378   37.096  81.753  12874.8  1.6576e+08
379   36.891  82.238  12936.6  1.67354e+08
380   36.925  82.568  12991.8  1.68786e+08
381   36.871  82.919  13044.7  1.70165e+08
382   36.87  83.386  13099.2  1.71588e+08
383   36.882  83.738  13155.1  1.73057e+08
384   36.961  83.935  13210.9  1.74528e+08
385   37.075  84.182  13263.5  1.75921e+08
386   37.099  84.495  13318.4  1.77379e+08
387   37.109  84.809  13377.8  1.78966e+08
388   37.16  85.125  13437.9  1.80576e+08
389   37.151  85.396  13487.6  1.81915e+08
390   37.159  85.601  13540.2  1.83338e+08
391   37.16  85.814  13596.6  1.84869e+08
392   37.302  86.009  13652  1.86378e+08
393   37.41  86.101  13707.5  1.87894e+08
394   37.537  86.32  13761.7  1.89383e+08
395   37.663  86.475  13816.4  1.90894e+08
396   37.721  86.731  13873.2  1.92465e+08
397   37.926  86.856  13931.2  1.94079e+08
398   38.111  86.899  13983.8  1.95545e+08
399   38.379  86.942  14039.1  1.97095e+08
400   38.482  87.006  14094.2  1.98647e+08
401   38.48  87.141  14151.5  2.00265e+08
402   38.602  87.164  14209.1  2.01898e+08
403   38.732  87.163  14265.3  2.035e+08
404   38.771  87.287  14315  2.04918e+08
405   38.76  87.399  14371.3  2.06535e+08
406   38.786  87.428  14425.8  2.08105e+08
407   38.79  87.41  14479.4  2.09653e+08
408   38.796  87.439  14532.4  2.1119e+08
409   38.919  87.424  14586.8  2.12774e+08
410   38.962  87.487  14642.4  2.144e+08
411   38.919  87.52  14696.9  2.16e+08
412   38.999  87.54  14745.7  2.17436e+08
413   39.04  87.639  14800.7  2.1906e+08
414   38.981  87.731  14853.9  2.20638e+08
415   39.088  87.671  14910  2.22307e+08
416   39.046  87.676  14964.5  2.23935e+08
417   38.975  87.792  15023.2  2.25698e+08
418   38.899  87.883  15076.6  2.27305e+08
419   38.835  87.959  15132.2  2.28983e+08
420   38.716  88.042  15186.1  2.30619e+08
421   38.626  88.111  15245.2  2.32415e+08
422   38.503  88.197  15302.7  2.34173e+08
423   38.335  88.387  15358.2  2.35874e+08
424   38.133  88.407  15415.4  2.37636e+08
425   37.896  88.507  15472.2  2.3939e+08
426   37.711  88.674  15526  2.41057e+08
427   37.547  88.788  15580  2.42736e+08
428   37.278  88.898  15636.8  2.44509e+08
429   37.051  89.002  15693.4  2.46282e+08
430   36.794  89.246  15752.8  2.4815e+08
431   36.486  89.472  15812.8  2.50044e+08
432   36.156  89.624  15870  2.51858e+08
433   35.848  89.806  15925.8  2.53631e+08
434   35.548  90.058  15984.1  2.55491e+08
435   35.337  90.233  16039.3  2.5726e+08
436   34.969  90.411  16093.4  2.58998e+08
437   34.573  90.643  16150.3  2.60832e+08
438   34.198  90.989  16207.1  2.6267e+08
439   33.896  91.264  16264.5  2.64535e+08
440   33.544  91.534  16319.1  2.66312e+08
441   33.115  91.857  16372.9  2.68072e+08
442   32.725  92.154  16427.5  2.69864e+08
443   32.369  92.447  16485.8  2.71781e+08
444   32.096  92.692  16536.5  2.73456e+08
445   31.751  93.029  16593.1  2.75332e+08
446   31.409  93.33  16648.1  2.77158e+08
447   30.948  93.82  16707.8  2.79151e+08
448   30.718  94.221  16767.4  2.81147e+08
449   30.414  94.563  16826.6  2.83135e+08
450   30.068  94.999  16881.5  2.84985e+08
451   29.837  95.296  16938.1  2.869e+08
452   29.458  95.819  16995.6  2.88849e+08
453   29.153  96.258  17052.7  2.90794e+08
454   28.864  96.697  17109.9  2.92749e+08
455   28.461  97.264  17164.9  2.94635e+08
456   28.233  97.744  17224.9  2.96696e+08
457   28.028  98.174  17278.5  2.98548e+08
458   27.747  98.628  17333.8  3.0046e+08
459   27.585  99.09  17390.3  3.02423e+08
460   27.389  99.649  17448.5  3.04451e+08
461   27.347  100.12  17503  3.06355e+08
462   27.289  100.636  17562.8  3.08454e+08
463   27.147  101.204  17621.2  3.10507e+08
464   27.201  101.734  17683  3.12687e+08
465   27.263  102.188  17737.2  3.1461e+08
466   27.251  102.781  17798.6  3.1679e+08
467   27.365  103.161  17853.4  3.18744e+08
468   27.417  103.577  17912.1  3.20845e+08
469   27.357  104.157  17974.8  3.23092e+08
470   27.436  104.67  18037.4  3.25347e+08
471   27.523  105.083  18090.4  3.27261e+08
472   27.624  105.552  18147.7  3.29341e+08
473   27.657  106.03  18203.9  3.31383e+08
474   27.648  106.485  18264.7  3.336e+08
475   27.777  106.951  18323.6  3.35755e+08
476   27.862  107.411  18379.9  3.37821e+08
477   27.979  107.79  18437.2  3.39929e+08
478   28.132  108.115  18494.1  3.42034e+08
479   28.26  108.496  18554.3  3.4426e+08
480   28.399  108.832  18613.9  3.46478e+08
481   28.523  109.138  18674.5  3.48739e+08
482   28.721  109.438  18733.9  3.50959e+08
483   28.952  109.627  18795.4  3.53269e+08
484   29.047  109.857  18852  3.55396e+08
485   29.064  110.151  18910.4  3.57605e+08
486   29.202  110.337  18971.3  3.59911e+08
487   29.261  110.65  19027.6  3.62049e+08
488   29.388  110.821  19085.8  3.64269e+08
489   29.502  111.042  19142.3  3.66429e+08
490   29.591  111.184  19198.5  3.68583e+08
491   29.688  111.434  19254.9  3.7075e+08
492   29.78  111.674  19311.3  3.72925e+08
493   29.875  111.906  19372.1  3.75278e+08
494   30.025  112.042  19432.3  3.77613e+08
495   30.108  112.155  19488.1  3.79785e+08
496   30.217  112.261  19549.6  3.82186e+08
497   30.385  112.285  19605.1  3.84361e+08
498   30.482  112.407  19667.2  3.868e+08
499   30.549  112.587  19721.4  3.88933e+08
500   30.762  112.632  19779.5  3.91227e+08
501   30.854  112.717  19839.7  3.93614e+08
502   31.102  112.752  19899.2  3.95976e+08
503   31.186  112.846  19958.6  3.98345e+08
504   31.266  112.91  20014.3  4.00571e+08
505   31.385  112.994  20070  4.02803e+08
506   31.531  112.959  20119  4.04773e+08
507   31.683  113.026  20177.2  4.07117e+08
508   31.751  113.064  20235  4.09457e+08
509   31.838  113.095  20293.5  4.11824e+08
510   31.899  113.107  20353.1  4.14247e+08
511   31.983  113.117  20409.3  4.1654e+08
512   32.122  113.177  20463.8  4.18769e+08
513   32.171  113.289  20519.4  4.21044e+08
514   32.268  113.223  20575.2  4.23339e+08
515   32.347  113.282  20636.3  4.25855e+08
516   32.495  113.234  20698  4.28407e+08
517   32.508  113.357  20759.6  4.30961e+08
518   32.513  113.392  20816.8  4.33341e+08
519   32.473  113.388  20871.4  4.35617e+08
520   32.435  113.505  20930  4.38063e+08
521   32.463  113.555  20992.2  4.40672e+08
522   32.347  113.605  21048.1  4.43024e+08
523   32.331  113.632  21102.7  4.45326e+08
524   32.14  113.734  21159.8  4.47739e+08
525   32.055  113.797  21214.3  4.50048e+08
526   32.019  113.863  21272.9  4.52538e+08
527   31.935  113.996  21331.6  4.55039e+08
528   31.842  114.106  21389.6  4.57516e+08
529   31.583  114.196  21447  4.59972e+08
530   31.517  114.326  21512.1  4.6277e+08
531   31.23  114.538  21573.3  4.65409e+08
532   30.974  114.613  21628.9  4.6781e+08
533   30.803  114.731  21683.6  4.70178e+08
534   30.593  114.923  21738.5  4.72562e+08
535   30.338  115.096  21797.4  4.75127e+08
536   30.206  115.114  21856.1  4.77687e+08
537   29.956  115.252  21913.4  4.80198e+08
538   29.699  115.405  21972.5  4.82792e+08
539   29.429  115.586  22034  4.85495e+08
540   29.109  115.825  22100.2  4.88419e+08
541   28.798  116.01  22159.9  4.91063e+08
542   28.504  116.209  22220.2  4.93739e+08
543   28.168  116.427  22277.9  4.96306e+08
544   27.806  116.624  22335.4  4.98872e+08
545   27.416  116.842  22392.9  5.01443e+08
546   27.063  116.979  22446.8  5.03861e+08
547   26.657  117.192  22507.7  5.06595e+08
548   26.329  117.345  22563.8  5.09127e+08
549   26.018  117.603  22622.1  5.11761e+08
550   25.723  117.821  22680.3  5.14396e+08
551   25.296  118.061  22733  5.16789e+08
552   24.889  118.341  22797  5.19704e+08
553   24.487  118.622  22858.9  5.22528e+08
554   24.116  118.938  22920.9  5.25367e+08
555   23.798  119.149  22980.7  5.28114e+08
556   23.426  119.357  23035.4  5.30628e+08
557   23.094  119.622  23093.6  5.33315e+08
558   22.792  119.859  23148.2  5.3584e+08
559   22.414  120.141  23201.9  5.38326e+08
560   22.065  120.411  23261  5.41074e+08
561   21.801  120.704  23320.5  5.43846e+08
562   21.501  121.004  23382  5.46716e+08
563   21.158  121.292  23436.1  5.49252e+08
564   20.921  121.541  23492.9  5.51914e+08
565   20.648  121.914  23551.9  5.54693e+08
566   20.383  122.209  23608  5.57337e+08
567   20.145  122.489  23663.9  5.59978e+08
568   19.99  122.86  23727.1  5.62973e+08
569   19.778  123.249  23783.8  5.65667e+08
570   19.541  123.651  23844.3  5.68552e+08
571   19.434  124.018  23909  5.71638e+08
572   19.34  124.41  23973.6  5.74733e+08
573   19.204  124.768  24032.4  5.77558e+08
574   19.085  125.181  24094.6  5.80549e+08
575   19.001  125.513  24148.2  5.83137e+08
576   18.849  125.914  24209.4  5.86097e+08
577   18.857  126.243  24269.8  5.89022e+08
578   18.78  126.596  24332.8  5.92087e+08
579   18.745  126.924  24391.4  5.94941e+08
580   18.674  127.319  24449.2  5.97765e+08
581   18.605  127.636  24508.2  6.00654e+08
582   18.553  128.033  24564.6  6.03421e+08
583   18.537  128.382  24618.7  6.0608e+08
584   18.492  128.73  24680.9  6.09147e+08
585   18.499  129.012  24739.1  6.12023e+08
586   18.529  129.319  24799.1  6.14993e+08
587   18.445  129.666  24852.4  6.17644e+08
588   18.436  130.015  24909.1  6.20465e+08
589   18.434  130.305  24968.4  6.23423e+08
590   18.44  130.599  25028.2  6.26412e+08
591   18.531  130.865  25085.7  6.29291e+08
592   18.54  131.202  25147.3  6.32387e+08
593   18.594  131.452  25204.8  6.3528e+08
594   18.622  131.741  25267.4  6.38443e+08
595   18.642  131.997  25323  6.41254e+08
596   18.584  132.355  25384.5  6.44372e+08
597   18.589  132.674  25441  6.47245e+08
598   18.66  132.939  25501.1  6.50304e+08
599   18.646  133.263  25562.2  6.53425e+08
600   18.636  133.525  25615.3  6.56146e+08
601   18.62  133.814  25674.1  6.59157e+08
602   18.594  134.177  25735.9  6.62337e+08
603   18.623  134.42  25793.1  6.65283e+08
604   18.685  134.699  25855.3  6.68496e+08
605   18.727  134.883  25916  6.71638e+08
606   18.762  135.16  25973.9  6.74642e+08
607   18.774  135.418  26033.7  6.77756e+08
608   18.795  135.666  26093.7  6.80882e+08
609   18.76  135.928  26151.8  6.83917e+08
610   18.74  136.184  26213.4  6.87144e+08
611   18.766  136.372  26273.4  6.9029e+08
612   18.65  136.691  26335  6.93533e+08
613   18.625  136.91  26391.4  6.96508e+08
614   18.634  137.134  26453.7  6.99796e+08
615   18.688  137.299  26513.9  7.02989e+08
616   18.602  137.532  26572.7  7.06111e+08
617   18.516  137.805  26630.9  7.09207e+08
618   18.502  138.017  26696.5  7.12705e+08
619   18.449  138.277  26755  7.15832e+08
620   18.351  138.568  26814.8  7.19033e+08
621   18.295  138.784  26879.2  7.22493e+08
622   18.182  139.027  26936.9  7.25598e+08
623   18.08  139.244  26995.9  7.28778e+08
624   17.956  139.53  27055.5  7.31999e+08
625   17.976  139.672  27112.6  7.35095e+08
626   17.876  139.876  27173.4  7.38392e+08
627   17.831  140.117  27231.8  7.41573e+08
628   17.808  140.336  27291.2  7.44812e+08
629   17.747  140.562  27348.9  7.47962e+08
630   17.72  140.738  27409.3  7.51272e+08
631   17.684  141.018  27470.4  7.54623e+08
632   17.677  141.243  27533.7  7.58103e+08
633   17.637  141.456  27598.3  7.61667e+08
634   17.661  141.578  27653.8  7.64732e+08
635   17.594  141.806  27712.8  7.68e+08
636   17.54  142.091  27770.6  7.71204e+08
637   17.488  142.379  27834.2  7.74743e+08
638   17.414  142.633  27891.2  7.7792e+08
639   17.405  142.864  27949.9  7.81198e+08
640   17.386  143.174  28008  7.84451e+08
641   17.298  143.426  28061.9  7.87468e+08
642   17.285  143.672  28118.8  7.90668e+08
643   17.193  143.953  28174.4  7.93799e+08
644   17.101  144.271  28238.1  7.97392e+08
645   17.009  144.542  28303.1  8.01067e+08
646   16.955  144.849  28362.7  8.0444e+08
647   16.871  145.102  28419.9  8.07688e+08
648   16.86  145.347  28478.3  8.11011e+08
649   16.834  145.619  28537.9  8.1441e+08
650   16.785  145.887  28603.4  8.18157e+08
651   16.698  146.189  28666.8  8.21788e+08
652   16.618  146.459  28722.7  8.24996e+08
653   16.602  146.645  28782.7  8.28442e+08
654   16.531  146.944  28840  8.31744e+08
655   16.497  147.156  28900.1  8.35215e+08
656   16.49  147.405  28959.4  8.38649e+08
657   16.406  147.667  29021.3  8.42239e+08
658   16.388  147.975  29086.9  8.46046e+08
659   16.424  148.232  29152.7  8.4988e+08
660   16.412  148.488  29214.8  8.53507e+08
661   16.379  148.685  29273.9  8.56964e+08
662   16.38  148.967  29333.7  8.60465e+08
663   16.328  149.235  29393.7  8.63989e+08
664   16.273  149.507  29453  8.67477e+08
665   16.326  149.711  29514.9  8.71129e+08
666   16.265  150.017  29575.6  8.74719e+08
667   16.303  150.287  29633.7  8.78153e+08
668   16.322  150.537  29693.7  8.81718e+08
669   16.286  150.736  29750.6  8.85096e+08
670   16.235  150.945  29807.4  8.88479e+08
671   16.234  151.169  29868.5  8.92127e+08
672   16.206  151.433  29930.2  8.95816e+08
673   16.242  151.716  29991  8.99459e+08
674   16.174  151.979  30052.6  9.03156e+08
675   16.196  152.255  30110.9  9.06669e+08
676   16.188  152.576  30167.9  9.10105e+08
677   16.215  152.774  30228.8  9.13777e+08
678   16.162  153.094  30289.7  9.17468e+08
679   16.157  153.28  30349.6  9.211e+08
680   16.125  153.477  30405.9  9.24516e+08
681   16.082  153.649  30464.2  9.2807e+08
682   16.087  153.944  30518.3  9.31364e+08
683   16.099  154.105  30575.2  9.34842e+08
684   16.128  154.344  30636.6  9.38599e+08
685   16.16  154.553  30698.6  9.42401e+08
686   16.155  154.841  30761.6  9.46278e+08
687   16.181  155.02  30821.2  9.49947e+08
688   16.194  155.277  30883.5  9.53789e+08
689   16.194  155.52  30943.8  9.5752e+08
690   16.15  155.776  31002.3  9.61145e+08
691   16.144  156.019  31062.8  9.64896e+08
692   16.177  156.197  31125.8  9.68814e+08
693   16.161  156.436  31182.9  9.72373e+08
694   16.164  156.652  31245.4  9.76276e+08
695   16.126  156.877  31304.4  9.79964e+08
696   16.111  157.078  31365.4  9.8379e+08
697   16.062  157.304  31425.2  9.87544e+08
698   15.98  157.544  31486.3  9.91388e+08
699   15.872  157.842  31546.7  9.95196e+08
700   15.847  158.016  31607.8  9.99056e+08
701   15.724  158.329  31669.9  1.00298e+09
702   15.648  158.491  31726.9  1.00659e+09
703   15.532  158.672  31784.4  1.01025e+09
704   15.458  158.923  31841.9  1.01391e+09
705   15.292  159.133  31900.6  1.01765e+09
706   15.182  159.369  31960.3  1.02146e+09
707   15.028  159.631  32020.1  1.02528e+09
708   14.875  159.937  32084.2  1.0294e+09
709   14.742  160.155  32139.9  1.03297e+09
710   14.643  160.362  32201  1.0369e+09
711   14.514  160.639  32262.8  1.04089e+09
712   14.399  160.911  32327.7  1.04508e+09
713   14.28  161.126  32391.2  1.04919e+09
714   14.126  161.359  32453.2  1.05321e+09
715   13.994  161.617  32512.5  1.05706e+09
716   13.836  161.873  32575.4  1.06116e+09
717   13.607  162.142  32635  1.06504e+09
718   13.463  162.359  32693.9  1.06889e+09
719   13.233  162.616  32750.1  1.07257e+09
720   13.059  162.858  32809.6  1.07647e+09
721   12.911  163.098  32867.4  1.08027e+09
722   12.734  163.364  32929.3  1.08434e+09
723   12.524  163.672  32989.9  1.08834e+09
724   12.365  163.911  33049  1.09224e+09
725   12.185  164.198  33108.7  1.09618e+09
726   12.022  164.464  33171.7  1.10036e+09
727   11.804  164.836  33235.6  1.10461e+09
728   11.645  165.135  33294.5  1.10853e+09
729   11.549  165.385  33355.5  1.11259e+09
730   11.435  165.645  33414.2  1.11651e+09
731   11.348  165.888  33469.6  1.12021e+09
732   11.255  166.197  33529.2  1.12421e+09
733   11.169  166.509  33585.8  1.12801e+09
734   11.048  166.792  33643.9  1.13191e+09
735   11.003  167.094  33705.9  1.13609e+09
736   10.893  167.475  33762.1  1.13988e+09
737   10.846  167.787  33822.6  1.14397e+09
738   10.805  168.097  33882.6  1.14803e+09
739   10.76  168.402  33943.1  1.15214e+09
740   10.669  168.693  34005.5  1.15638e+09
741   10.603  169.032  34065.3  1.16044e+09
742   10.574  169.351  34125.6  1.16456e+09
743   10.544  169.693  34188  1.16882e+09
744   10.513  170.018  34245.7  1.17277e+09
745   10.453  170.319  34302.5  1.17666e+09
746   10.335  170.707  34361.9  1.18074e+09
747   10.335  170.998  34420  1.18474e+09
748   10.253  171.276  34476.5  1.18863e+09
749   10.139  171.617  34534.9  1.19266e+09
750   10.122  171.946  34594  1.19674e+09
751   10.073  172.206  34653  1.20083e+09
752   10.043  172.531  34716.5  1.20524e+09
753   10.034  172.854  34773.3  1.20918e+09
754   9.98  173.174  34831  1.2132e+09
755   9.951  173.489  34890.1  1.21732e+09
756   9.92  173.803  34947.5  1.22132e+09
757   9.908  174.168  35007.2  1.2255e+09
758   9.899  174.467  35066.7  1.22968e+09
759   9.854  174.76  35130.1  1.23413e+09
760   9.845  175.084  35190.3  1.23836e+09
761   9.823  175.466  35250.3  1.24258e+09
762   9.796  175.773  35306.7  1.24656e+09
763   9.795  176.114  35365.2  1.2507e+09
764   9.816  176.465  35428.5  1.25518e+09
765   9.857  176.815  35491.6  1.25965e+09
766   9.88  177.113  35558.6  1.26441e+09
767   9.862  177.456  35619.2  1.26873e+09
768   9.869  177.691  35676.7  1.27283e+09
769   9.852  178.038  35737.4  1.27716e+09
770   9.82  178.338  35794.3  1.28123e+09
771   9.828  178.592  35856.9  1.28572e+09
772   9.739  178.925  35910.9  1.28959e+09
773   9.703  179.172  35972.1  1.29399e+09
774   9.676  179.514  36040.8  1.29894e+09
775   9.708  179.817  36104.5  1.30354e+09
776   9.719  180.11  36166.2  1.30799e+09
777   9.676  180.423  36223.4  1.31214e+09
778   9.724  180.675  36283.8  1.31652e+09
779   9.726  180.945  36344.3  1.32091e+09
780   9.768  181.141  36402.4  1.32514e+09
781   9.757  181.475  36465.8  1.32975e+09
782   9.831  181.727  36530.2  1.33446e+09
783   9.817  182.018  36588.4  1.33871e+09
784   9.833  182.282  36643.4  1.34274e+09
785   9.856  182.504  36702  1.34703e+09
786   9.898  182.764  36765.9  1.35173e+09
787   9.917  182.973  36824.9  1.35607e+09
788   9.95  183.227  36885.5  1.36054e+09
789   10.015  183.47  36947.3  1.3651e+09
790   10.102  183.759  37006.9  1.36951e+09
791   10.21  183.977  37066.8  1.37395e+09
792   10.207  184.29  37125.5  1.3783e+09
793   10.34  184.555  37189  1.38302e+09
794   10.423  184.85  37251.6  1.38768e+09
795   10.459  185.115  37313.4  1.39229e+09
796   10.611  185.384  37374.1  1.39682e+09
797   10.693  185.569  37435.9  1.40145e+09
798   10.766  185.821  37497.7  1.40608e+09
799   10.81  186.065  37557.6  1.41058e+09
800   10.842  186.278  37615.2  1.41491e+09
801   10.918  186.504  37672.6  1.41922e+09
802   10.958  186.732  37736.6  1.42405e+09
803   10.981  186.991  37800.6  1.42888e+09
804   11.033  187.154  37859.3  1.43333e+09
805   11.015  187.421  37919.9  1.43792e+09
806   10.975  187.696  37980.3  1.44251e+09
807   11.002  187.857  38040.7  1.4471e+09
808   10.97  188.04  38098.5  1.45149e+09
809   10.895  188.288  38157.6  1.45601e+09
810   10.852  188.502  38215.1  1.46039e+09
811   10.812  188.694  38277  1.46513e+09
812   10.775  188.908  38336.2  1.46966e+09
813   10.764  189.073  38392.2  1.47396e+09
814   10.738  189.296  38453.9  1.4787e+09
815   10.691  189.529  38511.5  1.48314e+09
816   10.641  189.717  38569.3  1.48759e+09
817   10.61  189.963  38629.8  1.49226e+09
818   10.505  190.213  38689.5  1.49688e+09
819   10.441  190.403  38748.1  1.50142e+09
820   10.344  190.619  38810.6  1.50626e+09
821   10.278  190.874  38873.1  1.51112e+09
822   10.214  191.101  38932.5  1.51574e+09
823   10.133  191.366  38991.3  1.52032e+09
824   10.038  191.629  39050.2  1.52492e+09
825   9.964  191.836  39109.9  1.52959e+09
826   9.843  192.155  39169.9  1.53428e+09
827   9.843  192.325  39225.8  1.53866e+09
828   9.75  192.586  39283.2  1.54317e+09
829   9.649  192.834  39342.2  1.54781e+09
830   9.558  193.106  39399.4  1.55231e+09
831   9.476  193.394  39464  1.55741e+09
832   9.394  193.66  39524.4  1.56218e+09
833   9.323  193.898  39583.5  1.56685e+09
834   9.224  194.114  39642.7  1.57155e+09
835   9.1  194.343  39702.3  1.57627e+09
836   8.965  194.66  39763.3  1.58112e+09
837   8.856  194.917  39822.2  1.5858e+09
838   8.784  195.194  39884  1.59073e+09
839   8.678  195.483  39945.7  1.59566e+09
840   8.575  195.776  40007.7  1.60061e+09
841   8.43  196.069  40066.6  1.60533e+09
842   8.25  196.407  40126.9  1.61017e+09
843   8.164  196.706  40182.7  1.61465e+09
844   7.98  197.038  40243.4  1.61953e+09
845   7.929  197.292  40301.6  1.62422e+09
846   7.772  197.562  40358.3  1.62879e+09
847   7.664  197.894  40422.7  1.63399e+09
848   7.582  198.213  40482.2  1.63881e+09
849   7.475  198.522  40542.4  1.64368e+09
850   7.398  198.811  40600.4  1.64839e+09
851   7.239  199.205  40658.7  1.65313e+09
852   7.168  199.581  40719.8  1.6581e+09
853   7.139  199.914  40776.7  1.66274e+09
854   7.077  200.253  40835.8  1.66756e+09
855   6.984  200.618  40895.6  1.67245e+09
856   6.907  200.974  40953  1.67715e+09
857   6.873  201.323  41012.4  1.68202e+09
858   6.882  201.669  41070.6  1.6868e+09
859   6.864  202.079  41130.8  1.69174e+09
860   6.874  202.415  41195.4  1.69706e+09
861   6.856  202.808  41257.4  1.70218e+09
862   6.88  203.144  41319.4  1.7073e+09
863   6.892  203.46  41382.9  1.71255e+09
864   6.874  203.789  41442  1.71744e+09
865   6.921  204.082  41504.1  1.72259e+09
866   6.918  204.358  41562.1  1.72741e+09
867   6.933  204.613  41620.8  1.73229e+09
868   6.986  204.867  41682.2  1.7374e+09
869   7.018  205.121  41744.1  1.74257e+09
870   6.988  205.41  41804.2  1.74759e+09
871   7  205.714  41862.9  1.7525e+09
872   7.058  205.93  41919.9  1.75728e+09
873   7.127  206.189  41980.9  1.7624e+09
874   7.171  206.458  42047  1.76795e+09
875   7.196  206.761  42107.2  1.77301e+09
876   7.232  206.989  42164.5  1.77784e+09
877   7.304  207.204  42220.4  1.78256e+09
878   7.317  207.472  42280  1.7876e+09
879   7.386  207.645  42336.5  1.79238e+09
880   7.353  207.928  42394.7  1.79731e+09
881   7.397  208.211  42454.4  1.80238e+09
882   7.454  208.451  42521.3  1.80806e+09
883   7.508  208.665  42587.3  1.81368e+09
884   7.504  208.948  42645.6  1.81865e+09
885   7.544  209.199  42704.7  1.82369e+09
886   7.576  209.488  42768.6  1.82915e+09
887   7.587  209.731  42827.1  1.83416e+09
888   7.588  210.031  42887.9  1.83938e+09
889   7.626  210.293  42945.5  1.84432e+09
890   7.673  210.531  43000.2  1.84902e+09
891   7.737  210.81  43058.6  1.85404e+09
892   7.764  211.054  43117.5  1.85912e+09
893   7.753  211.309  43178.8  1.86441e+09
894   7.766  211.535  43233.1  1.8691e+09
895   7.766  211.809  43292.4  1.87423e+09
896   7.796  212.077  43353.8  1.87955e+09
897   7.832  212.317  43414.5  1.88482e+09
898   7.861  212.543  43473.2  1.88991e+09
899   7.825  212.785  43532.1  1.89504e+09
900   7.804  213.056  43591.1  1.90018e+09
901   7.729  213.364  43648.6  1.9052e+09
902   7.753  213.559  43710.5  1.91061e+09
903   7.696  213.852  43775.3  1.91627e+09
904   7.648  214.096  43834.6  1.92147e+09
905   7.644  214.298  43893.5  1.92664e+09
906   7.55  214.6  43954  1.93195e+09
907   7.507  214.866  44013.7  1.93721e+09
908   7.466  215.091  44071.9  1.94233e+09
909   7.412  215.32  44132.8  1.94771e+09
910   7.358  215.624  44197.3  1.9534e+09
911   7.299  215.913  44260  1.95895e+09
912   7.2  216.153  44316.9  1.96398e+09
913   7.179  216.404  44376.8  1.9693e+09
914   7.086  216.638  44436.8  1.97463e+09
915   6.979  216.907  44496.3  1.97992e+09
916   6.9  217.168  44557.6  1.98538e+09
917   6.808  217.443  44616.2  1.9906e+09
918   6.699  217.729  44682.4  1.99651e+09
919   6.573  218.034  44740.3  2.0017e+09
920   6.484  218.385  44806.6  2.00763e+09
921   6.404  218.681  44868.6  2.01319e+09
922   6.373  218.956  44931.2  2.01881e+09
923   6.31  219.278  44989.5  2.02405e+09
924   6.273  219.579  45050.1  2.02951e+09
925   6.239  219.873  45111.3  2.03503e+09
926   6.193  220.163  45164.4  2.03982e+09
927   6.162  220.452  45225.7  2.04536e+09
928   6.089  220.759  45281.9  2.05045e+09
929   6.041  221.083  45346  2.05626e+09
930   5.923  221.413  45406.6  2.06175e+09
931   5.878  221.707  45467.1  2.06725e+09
932   5.774  222.056  45531.4  2.07311e+09
933   5.703  222.372  45589.4  2.07839e+09
934   5.628  222.713  45650.8  2.08399e+09
935   5.61  223.012  45712.2  2.0896e+09
936   5.566  223.332  45774.5  2.0953e+09
937   5.478  223.636  45832.4  2.10061e+09
938   5.458  223.955  45890.8  2.10597e+09
939   5.473  224.249  45947.6  2.11118e+09
940   5.413  224.575  46002.9  2.11626e+09
941   5.415  224.855  46060.1  2.12154e+09
942   5.372  225.157  46115.6  2.12665e+09
943   5.358  225.448  46176.9  2.1323e+09
944   5.328  225.763  46235.5  2.13772e+09
945   5.276  226.086  46296.1  2.14333e+09
946   5.259  226.4  46355.6  2.14884e+09
947   5.261  226.698  46418.9  2.15471e+09
948   5.18  227.024  46478.9  2.16029e+09
949   5.155  227.309  46538.2  2.1658e+09
950   5.152  227.55  46600.4  2.1716e+09
951   5.14  227.825  46656.2  2.1768e+09
952   5.08  228.121  46716.2  2.18241e+09
953   5.056  228.4  46779.6  2.18833e+09
954   5.036  228.719  46845  2.19445e+09
955   5.045  228.974  46901  2.1997e+09
956   5.073  229.211  46956.7  2.20494e+09
957   5.109  229.45  47016.3  2.21053e+09
958   5.112  229.733  47077.4  2.21628e+09
959   5.159  229.983  47137.4  2.22193e+09
960   5.248  230.201  47195.5  2.22741e+09
961   5.234  230.483  47257.3  2.23325e+09
962   5.237  230.716  47316.3  2.23884e+09
963   5.307  230.987  47378.9  2.24476e+09
964   5.31  231.229  47438.6  2.25042e+09
965   5.331  231.511  47502.9  2.25652e+09
966   5.335  231.761  47560.2  2.26197e+09
967   5.352  232.003  47619.9  2.26765e+09
968   5.401  232.295  47681.3  2.27351e+09
969   5.399  232.541  47738.9  2.279e+09
970   5.442  232.769  47798.5  2.2847e+09
971   5.451  233.07  47863.1  2.29087e+09
972   5.512  233.304  47926.5  2.29695e+09
973   5.517  233.554  47989.8  2.30302e+09
974   5.519  233.807  48051.6  2.30896e+09
975   5.483  234.085  48112.9  2.31485e+09
976   5.518  234.342  48171.4  2.32048e+09
977   5.536  234.58  48230.6  2.32619e+09
978   5.555  234.859  48291.4  2.33206e+09
979   5.542  235.115  48349.4  2.33767e+09
980   5.55  235.345  48408.3  2.34336e+09
981   5.573  235.563  48466.8  2.34903e+09
982   5.563  235.809  48525  2.35467e+09
983   5.558  236.063  48583.7  2.36038e+09
984   5.548  236.329  48644.5  2.36628e+09
985   5.54  236.582  48702.9  2.37197e+09
986   5.534  236.837  48766.1  2.37813e+09
987   5.513  237.072  48823.1  2.3837e+09
988   5.511  237.336  48886.7  2.38991e+09
989   5.492  237.554  48941.4  2.39526e+09
990   5.523  237.806  49003  2.40129e+09
991   5.518  238.093  49067.5  2.40762e+09
992   5.526  238.322  49125.9  2.41336e+09
993   5.446  238.625  49184.9  2.41916e+09
994   5.41  238.839  49248.4  2.4254e+09
995   5.392  239.143  49308.7  2.43134e+09
996   5.332  239.449  49374.4  2.43783e+09
997   5.336  239.724  49435.8  2.4439e+09
998   5.33  240.035  49501  2.45035e+09
999   5.278  240.278  49558.7  2.45606e+09
1000   5.222  240.54  49619.6  2.4621e+09
1001   5.117  240.828  49680.9  2.4682e+09
1002   5.077  241.109  49742.3  2.47429e+09
1003   4.973  241.415  49803  2.48034e+09
1004   4.961  241.666  49862  2.48622e+09
1005   4.893  241.933  49920.9  2.4921e+09
1006   4.808  242.243  49980.8  2.49808e+09
1007   4.722  242.559  50041.4  2.50414e+09
1008   4.665  242.812  50098.9  2.5099e+09
1009   4.626  243.049  50161.5  2.51618e+09
1010   4.538  243.355  50221.1  2.52215e+09
1011   4.47  243.659  50279.1  2.52798e+09
1012   4.37  243.966  50341.6  2.53428e+09
1013   4.27  244.296  50401.8  2.54034e+09
1014   4.171  244.595  50458.9  2.5461e+09
1015   4.115  244.869  50520.1  2.55228e+09
1016   4.092  245.157  50580.1  2.55835e+09
1017   3.995  245.495  50639.7  2.56438e+09
1018   3.916  245.813  50700.1  2.5705e+09
1019   3.817  246.15  50760.2  2.5766e+09
1020   3.73  246.521  50823  2.58298e+09
1021   3.647  246.876  50880  2.58877e+09
1022   3.584  247.193  50943.5  2.59524e+09
1023   3.519  247.575  51009  2.60192e+09
1024   3.477  247.873  51068.8  2.60803e+09
1025   3.405  248.222  51131.8  2.61447e+09
1026   3.386  248.512  51191.2  2.62054e+09
1027   3.355  248.831  51252  2.62677e+09
1028   3.325  249.15  51315  2.63323e+09
1029   3.296  249.486  51376.4  2.63953e+09
1030   3.244  249.832  51438.3  2.64589e+09
1031   3.214  250.161  51497.6  2.652e+09
1032   3.223  250.48  51558  2.65822e+09
1033   3.223  250.784  51618  2.66441e+09
1034   3.202  251.08  51676.7  2.67048e+09
1035   3.162  251.414  51737.4  2.67676e+09
1036   3.152  251.671  51793.7  2.68258e+09
1037   3.169  251.976  51849  2.68832e+09
1038   3.13  252.307  51909.6  2.69461e+09
1039   3.138  252.644  51969.6  2.70084e+09
1040   3.147  252.954  52027  2.70681e+09
1041   3.181  253.301  52092.8  2.71366e+09
1042   3.204  253.663  52155.6  2.72021e+09
1043   3.246  254.06  52213.1  2.72621e+09
1044   3.28  254.387  52274.5  2.73262e+09
1045   3.355  254.69  52338.9  2.73936e+09
1046   3.313  255.061  52397  2.74545e+09
1047   3.353  255.356  52457.2  2.75176e+09
1048   3.404  255.742  52520.6  2.75842e+09
1049   3.43  256.045  52581.8  2.76484e+09
1050   3.458  256.364  52643.4  2.77132e+09
1051   3.471  256.675  52704.7  2.77779e+09
1052   3.518  256.959  52762.1  2.78384e+09
1053   3.489  257.341  52824.8  2.79046e+09
1054   3.557  257.639  52888  2.79714e+09
1055   3.563  257.96  52948.1  2.8035e+09
1056   3.642  258.212  53005  2.80953e+09
1057   3.635  258.538  53067.4  2.81615e+09
1058   3.664  258.826  53125.2  2.82229e+09
1059   3.672  259.102  53180.9  2.82821e+09
1060   3.648  259.387  53240  2.8345e+09
1061   3.675  259.684  53299.7  2.84086e+09
1062   3.694  259.985  53360.3  2.84732e+09
1063   3.698  260.289  53421.2  2.85382e+09
1064   3.705  260.545  53479.6  2.86007e+09
1065   3.717  260.834  53539.3  2.86646e+09
1066   3.793  261.083  53597.8  2.87273e+09
1067   3.773  261.402  53659.8  2.87938e+09
1068   3.803  261.672  53716.6  2.88547e+09
1069   3.806  261.987  53776.2  2.89188e+09
1070   3.865  262.211  53836.3  2.89835e+09
1071   3.902  262.507  53899.4  2.90514e+09
1072   3.893  262.767  53959.5  2.91163e+09
1073   3.92  263.043  54021.5  2.91832e+09
1074   3.9  263.313  54083.7  2.92505e+09
1075   3.892  263.604  54144.2  2.9316e+09
1076   3.939  263.853  54202  2.93786e+09
1077   3.928  264.114  54264.8  2.94467e+09
1078   3.899  264.402  54326  2.95132e+09
1079   3.926  264.656  54388.1  2.95807e+09
1080   3.925  264.932  54445.9  2.96435e+09
1081   3.912  265.228  54511.9  2.97154e+09
1082   3.907  265.551  54578.1  2.97877e+09
1083   3.943  265.825  54637.2  2.98522e+09
1084   3.95  266.1  54695.2  2.99157e+09
1085   3.956  266.354  54750.3  2.9976e+09
1086   3.972  266.626  54813.1  3.00447e+09
1087   3.972  266.858  54870.8  3.01081e+09
1088   4.021  267.146  54931.1  3.01743e+09
1089   4.029  267.376  54987.7  3.02364e+09
1090   4.032  267.677  55049.7  3.03047e+09
1091   4.071  267.896  55108.9  3.03699e+09
1092   4.035  268.192  55169.2  3.04364e+09
1093   4.037  268.493  55228.8  3.05022e+09
1094   4.043  268.775  55294.6  3.05749e+09
1095   4.055  269.055  55351.1  3.06374e+09
1096   4.015  269.296  55405.9  3.06981e+09
1097   4.049  269.493  55465.1  3.07638e+09
1098   4.034  269.811  55521.7  3.08266e+09
1099   4.038  270.092  55579.7  3.08911e+09
1100   4.083  270.303  55636.8  3.09546e+09
1101   4.056  270.594  55697.2  3.10217e+09
1102   4.065  270.873  55759.7  3.10915e+09
1103   3.98  271.213  55822.7  3.11618e+09
1104   4.045  271.439  55877.6  3.12231e+09
1105   4.028  271.723  55933.3  3.12854e+09
1106   4.013  272.048  55996.3  3.13559e+09
1107   4.055  272.281  56050.9  3.1417e+09
1108   4.035  272.584  56114.8  3.14887e+09
1109   3.982  272.922  56175.6  3.15569e+09
1110   4.015  273.202  56239  3.16283e+09
1111   4.023  273.469  56298.4  3.16951e+09
1112   4.004  273.761  56359  3.17634e+09
1113   4.029  274.017  56416  3.18277e+09
1114   4.021  274.326  56476.7  3.18962e+09
1115   4.021  274.645  56534.1  3.1961e+09
1116   4.049  274.958  56596.7  3.20319e+09
1117   4.045  275.226  56659.6  3.21031e+09
1118   4.036  275.499  56722.5  3.21744e+09
1119   4.064  275.794  56785.5  3.22459e+09
1120   4.028  276.136  56845.5  3.23141e+09
1121   4.028  276.443  56911.2  3.23889e+09
1122   4.026  276.757  56968.7  3.24543e+09
1123   4.033  277.045  57027.4  3.25212e+09
1124   4.04  277.356  57089.9  3.25926e+09
1125   4.031  277.634  57148.9  3.26599e+09
1126   4.022  277.969  57208.5  3.27281e+09
1127   4.026  278.3  57272.6  3.28015e+09
1128   4.015  278.56  57331.1  3.28685e+09
1129   4.037  278.893  57392.9  3.29394e+09
1130   3.972  279.169  57452.5  3.30079e+09
1131   3.999  279.461  57513.8  3.30784e+09
1132   4.016  279.734  57573.4  3.3147e+09
1133   3.986  280.059  57634.6  3.32174e+09
1134   3.988  280.341  57694.9  3.3287e+09
1135   4.004  280.603  57757.7  3.33595e+09
1136   4.016  280.892  57814.7  3.34254e+09
1137   4.003  281.221  57880.3  3.35012e+09
1138   3.983  281.471  57938  3.35681e+09
1139   3.986  281.755  57993.6  3.36326e+09
1140   4.009  282.038  58056.1  3.37051e+09
1141   3.995  282.381  58122.3  3.3782e+09
1142   4.004  282.718  58185.1  3.38551e+09
1143   3.992  283.044  58244.9  3.39247e+09
1144   4.02  283.317  58299.9  3.39888e+09
1145   4.028  283.626  58363.7  3.40632e+09
1146   4.027  283.933  58425.3  3.41352e+09
1147   4.004  284.282  58487.7  3.42081e+09
1148   3.987  284.594  58550.2  3.42812e+09
1149   3.962  284.943  58615  3.43571e+09
1150   3.984  285.225  58675.1  3.44277e+09
1151   3.998  285.548  58737.3  3.45007e+09
1152   3.994  285.836  58799.1  3.45733e+09
1153   3.985  286.161  58861  3.46462e+09
1154   3.991  286.486  58920.6  3.47164e+09
1155   4.008  286.75  58982.2  3.4789e+09
1156   4.084  286.999  59045.5  3.48637e+09
1157   4.07  287.326  59106.8  3.49362e+09
1158   4.073  287.557  59165.8  3.50059e+09
1159   4.094  287.88  59225.7  3.50768e+09
1160   4.059  288.166  59283.8  3.51457e+09
1161   4.105  288.433  59344  3.52171e+09
1162   4.076  288.718  59402.4  3.52864e+09
1163   4.101  288.971  59464.1  3.53598e+09
1164   4.074  289.248  59524.9  3.54322e+09
1165   4.037  289.551  59587.8  3.5507e+09
1166   3.958  289.852  59647.9  3.55787e+09
1167   3.974  290.106  59705.8  3.56478e+09
1168   3.995  290.373  59765.7  3.57194e+09
1169   3.962  290.677  59826.7  3.57924e+09
1170   3.987  290.961  59888.8  3.58667e+09
1171   3.978  291.237  59948.2  3.59379e+09
1172   3.961  291.494  60006.9  3.60083e+09
1173   3.916  291.812  60070.7  3.60849e+09
1174   3.856  292.134  60135.9  3.61633e+09
1175   3.856  292.418  60197.9  3.62379e+09
1176   3.81  292.718  60261.9  3.63149e+09
1177   3.776  292.993  60324.2  3.63901e+09
1178   3.789  293.262  60385.3  3.64638e+09
1179   3.757  293.519  60446  3.65372e+09
1180   3.733  293.842  60513.2  3.66184e+09
1181   3.681  294.083  60570.3  3.66877e+09
1182   3.642  294.377  60633  3.67637e+09
1183   3.602  294.678  60692.5  3.68358e+09
1184   3.579  294.956  60755.6  3.69124e+09
1185   3.597  295.215  60810.4  3.69791e+09
1186   3.564  295.491  60870.7  3.70524e+09
1187   3.506  295.785  60931.2  3.71261e+09
1188   3.489  296.053  60991.4  3.71995e+09
1189   3.5  296.319  61053.5  3.72753e+09
1190   3.51  296.574  61115.9  3.73516e+09
1191   3.462  296.866  61176.3  3.74254e+09
1192   3.415  297.157  61236  3.74985e+09
1193   3.405  297.457  61296.5  3.75726e+09
1194   3.353  297.722  61359.2  3.76495e+09
1195   3.328  298.013  61416.7  3.77201e+09
1196   3.277  298.297  61478.9  3.77965e+09
1197   3.272  298.592  61538.4  3.78697e+09
1198   3.228  298.858  61598.5  3.79437e+09
1199   3.237  299.169  61659.8  3.80193e+09
1200   3.2  299.475  61721.7  3.80956e+09
1201   3.215  299.755  61784  3.81726e+09
1202   3.194  300.033  61844.4  3.82473e+09
1203   3.202  300.319  61899.4  3.83154e+09
1204   3.196  300.599  61957.6  3.83874e+09
1205   3.197  300.87  62014.6  3.8458e+09
1206   3.181  301.197  62075.9  3.85341e+09
1207   3.2  301.461  62136.1  3.86089e+09
1208   3.149  301.804  62197.5  3.86853e+09
1209   3.165  302.055  62255.4  3.87573e+09
1210   3.126  302.409  62319.1  3.88367e+09
1211   3.127  302.725  62382.7  3.8916e+09
1212   3.104  303.026  62442.9  3.89911e+09
1213   3.09  303.331  62504.4  3.9068e+09
1214   3.084  303.66  62568.8  3.91486e+09
1215   3.036  303.941  62630.1  3.92253e+09
1216   3.012  304.238  62688.9  3.9299e+09
1217   2.991  304.564  62747.5  3.93725e+09
1218   2.96  304.883  62810.8  3.9452e+09
1219   2.956  305.227  62867.1  3.95227e+09
1220   2.902  305.527  62925.4  3.95961e+09
1221   2.888  305.823  62983.9  3.96697e+09
1222   2.862  306.121  63041.9  3.97428e+09
1223   2.837  306.481  63107.1  3.98251e+09
1224   2.869  306.786  63166.9  3.99005e+09
1225   2.816  307.089  63222.6  3.99709e+09
1226   2.798  307.406  63283.2  4.00477e+09
1227   2.791  307.679  63343.2  4.01236e+09
1228   2.782  308.058  63405  4.0202e+09
1229   2.766  308.358  63465  4.02781e+09
1230   2.737  308.688  63528.2  4.03583e+09
1231   2.716  308.988  63587.3  4.04335e+09
1232   2.663  309.319  63645.4  4.05074e+09
1233   2.625  309.652  63706.3  4.05849e+09
1234   2.61  309.964  63768.4  4.0664e+09
1235   2.548  310.327  63830.3  4.0743e+09
1236   2.562  310.606  63890.5  4.082e+09
1237   2.558  310.937  63956.5  4.09044e+09
1238   2.498  311.277  64023.1  4.09896e+09
1239   2.463  311.623  64079.9  4.10624e+09
1240   2.451  311.866  64136.9  4.11354e+09
1241   2.43  312.188  64196.5  4.12118e+09
1242   2.43  312.47  64254.9  4.1287e+09
1243   2.393  312.757  64313.1  4.13618e+09
1244   2.409  313.029  64370.6  4.14358e+09
1245   2.369  313.376  64431.1  4.15136e+09
1246   2.402  313.6  64490.9  4.15908e+09
1247   2.351  313.926  64553.3  4.16713e+09
1248   2.341  314.274  64614.3  4.17501e+09
1249   2.311  314.596  64675.7  4.18294e+09
1250   2.309  314.903  64739.4  4.19119e+09
1251   2.278  315.24  64802.5  4.19936e+09
1252   2.339  315.468  64864  4.20734e+09
1253   2.307  315.825  64925.4  4.2153e+09
1254   2.288  316.087  64985.2  4.22308e+09
1255   2.325  316.341  65042.4  4.23051e+09
1256   2.326  316.685  65105.5  4.23873e+09
1257   2.302  316.977  65164.8  4.24645e+09
1258   2.302  317.261  65221.5  4.25384e+09
1259   2.328  317.553  65279.9  4.26146e+09
1260   2.353  317.85  65341.9  4.26956e+09
1261   2.377  318.127  65404.7  4.27777e+09
1262   2.37  318.499  65463.2  4.28544e+09
1263   2.355  318.781  65524  4.29339e+09
1264   2.379  319.134  65587.5  4.30172e+09
1265   2.349  319.433  65649.7  4.30988e+09
1266   2.4  319.718  65712.9  4.31819e+09
1267   2.397  320.012  65772.9  4.32607e+09
1268   2.43  320.318  65833.2  4.33401e+09
1269   2.404  320.604  65891.7  4.34172e+09
1270   2.404  320.885  65952  4.34967e+09
1271   2.403  321.172  66011.4  4.35751e+09
1272   2.429  321.459  66069.8  4.36522e+09
1273   2.409  321.736  66131  4.37331e+09
1274   2.415  322.073  66194.8  4.38176e+09
1275   2.454  322.376  66255.5  4.38979e+09
1276   2.462  322.613  66311.8  4.39725e+09
1277   2.474  322.896  66370.1  4.40499e+09
1278   2.466  323.191  66430  4.41294e+09
1279   2.485  323.462  66490  4.42093e+09
1280   2.464  323.757  66551  4.42904e+09
1281   2.489  324.062  66615.2  4.43759e+09
1282   2.418  324.364  66676.2  4.44571e+09
1283   2.439  324.638  66738.2  4.45399e+09
1284   2.434  324.966  66797.6  4.46192e+09
1285   2.463  325.183  66855.4  4.46965e+09
1286   2.419  325.517  66915.9  4.47774e+09
1287   2.435  325.797  66978  4.48606e+09
1288   2.434  326.068  67038.2  4.49412e+09
1289   2.431  326.398  67103.1  4.50283e+09
1290   2.38  326.702  67166.5  4.51134e+09
1291   2.362  326.978  67229.2  4.51976e+09
1292   2.372  327.296  67289.8  4.52791e+09
1293   2.32  327.615  67353.4  4.53648e+09
1294   2.318  327.864  67412.9  4.5445e+09
1295   2.24  328.181  67472.2  4.5525e+09
1296   2.248  328.44  67530.8  4.5604e+09
1297   2.213  328.766  67594.9  4.56907e+09
1298   2.177  329.04  67656.4  4.57739e+09
1299   2.171  329.303  67713.8  4.58516e+09
1300   2.129  329.592  67773.2  4.59321e+09
1301   2.087  329.912  67832.3  4.60122e+09
1302   2.055  330.203  67890.9  4.60917e+09
1303   2.002  330.509  67950.9  4.61732e+09
1304   1.993  330.855  68014.4  4.62596e+09
1305   1.991  331.119  68077.9  4.6346e+09
1306   1.975  331.424  68141  4.64319e+09
1307   1.913  331.735  68202  4.65151e+09
1308   1.896  332.011  68259  4.65929e+09
1309   1.852  332.327  68320.2  4.66765e+09
1310   1.797  332.609  68380.6  4.6759e+09
1311   1.775  332.916  68439  4.68389e+09
1312   1.72  333.235  68500.7  4.69234e+09
1313   1.723  333.49  68559.6  4.70042e+09
1314   1.692  333.826  68619.5  4.70863e+09
1315   1.664  334.104  68678.4  4.71672e+09
1316   1.619  334.462  68741.9  4.72545e+09
1317   1.586  334.755  68800.9  4.73356e+09
1318   1.59  335.084  68862.6  4.74205e+09
1319   1.595  335.417  68929  4.7512e+09
1320   1.597  335.74  68988.6  4.75943e+09
1321   1.579  336.048  69047.5  4.76756e+09
1322   1.62  336.387  69115.3  4.77693e+09
1323   1.622  336.71  69173.5  4.78498e+09
1324   1.599  337.025  69232.1  4.79309e+09
1325   1.6  337.366  69290.8  4.80121e+09
1326   1.602  337.667  69349.7  4.80938e+09
1327   1.632  338.001  69411.2  4.81792e+09
1328   1.563  338.339  69471.8  4.82633e+09
1329   1.572  338.665  69531.3  4.8346e+09
1330   1.561  338.972  69591.4  4.84297e+09
1331   1.544  339.331  69648.2  4.85088e+09
1332   1.54  339.636  69704.8  4.85876e+09
1333   1.512  339.948  69764.2  4.86705e+09
1334   1.541  340.308  69827.1  4.87582e+09
1335   1.519  340.602  69885.6  4.884e+09
1336   1.505  340.975  69946.8  4.89255e+09
1337   1.527  341.261  70003.5  4.90049e+09
1338   1.492  341.58  70061.4  4.90859e+09
1339   1.508  341.878  70123.9  4.91736e+09
1340   1.539  342.18  70183.3  4.9257e+09
1341   1.548  342.505  70245.4  4.93441e+09
1342   1.56  342.826  70306  4.94294e+09
1343   1.565  343.116  70362.7  4.95091e+09
1344   1.541  343.465  70421.8  4.95923e+09
1345   1.548  343.797  70486.7  4.96837e+09
1346   1.561  344.059  70540.1  4.9759e+09
1347   1.547  344.387  70601.6  4.98458e+09
1348   1.595  344.727  70667.3  4.99387e+09
1349   1.56  345.039  70725.7  5.00213e+09
1350   1.567  345.349  70787.3  5.01084e+09
1351   1.596  345.654  70846.1  5.01916e+09
1352   1.611  345.935  70904.1  5.0274e+09
1353   1.604  346.274  70966.4  5.03623e+09
1354   1.641  346.577  71029  5.04512e+09
1355   1.655  346.875  71090.2  5.05381e+09
1356   1.684  347.177  71151.3  5.0625e+09
1357   1.666  347.487  71208.5  5.07066e+09
1358   1.68  347.742  71266.7  5.07894e+09
1359   1.677  348.102  71328.8  5.08779e+09
1360   1.685  348.431  71390.9  5.09666e+09
1361   1.704  348.724  71452.7  5.1055e+09
1362   1.695  349.046  71519.8  5.11508e+09
1363   1.701  349.358  71576.5  5.1232e+09
1364   1.688  349.669  71636.5  5.13179e+09
1365   1.744  349.94  71697.8  5.14057e+09
1366   1.744  350.243  71762.3  5.14983e+09
1367   1.761  350.566  71824.2  5.15872e+09
1368   1.75  350.863  71884.9  5.16743e+09
1369   1.782  351.129  71943.6  5.17588e+09
1370   1.787  351.418  72004.6  5.18466e+09
1371   1.819  351.739  72067.2  5.19368e+09
1372   1.843  352.036  72125.3  5.20206e+09
1373   1.833  352.318  72179.5  5.20988e+09
1374   1.872  352.59  72238.4  5.21838e+09
1375   1.867  352.92  72301.5  5.22751e+09
1376   1.899  353.238  72363  5.2364e+09
1377   1.932  353.532  72423.7  5.24519e+09
1378   1.973  353.818  72481.7  5.25359e+09
1379   1.988  354.097  72542.3  5.26239e+09
1380   2.007  354.34  72601.4  5.27097e+09
1381   2.052  354.653  72660.2  5.2795e+09
1382   2.067  354.903  72723  5.28864e+09
1383   2.09  355.233  72787.3  5.29799e+09
1384   2.082  355.547  72846.5  5.30662e+09
1385   2.093  355.802  72904.3  5.31503e+09
1386   2.131  356.078  72963  5.3236e+09
1387   2.14  356.365  73024.6  5.33259e+09
1388   2.141  356.698  73083.3  5.34117e+09
1389   2.179  356.945  73144.8  5.35016e+09
1390   2.191  357.224  73204.3  5.35887e+09
1391   2.204  357.541  73267.2  5.36808e+09
1392   2.163  357.879  73330.5  5.37736e+09
1393   2.161  358.169  73394.3  5.38672e+09
1394   2.179  358.465  73458.1  5.39609e+09
1395   2.155  358.756  73522.7  5.40558e+09
1396   2.17  359.086  73583.2  5.41449e+09
1397   2.15  359.354  73646.4  5.4238e+09
1398   2.112  359.704  73708.3  5.43291e+09
1399   2.109  359.979  73767.6  5.44165e+09
1400   2.078  360.282  73831.1  5.45103e+09
1401   2.045  360.584  73892.6  5.46012e+09
1402   2.055  360.895  73954.5  5.46926e+09
1403   2.028  361.19  74016.2  5.4784e+09
1404   2.022  361.465  74077.1  5.48741e+09
1405   1.965  361.787  74137.4  5.49635e+09
1406   1.955  362.108  74198.5  5.50541e+09
1407   1.932  362.39  74258.6  5.51434e+09
1408   1.936  362.731  74325.3  5.52425e+09
1409   1.899  363.067  74388.8  5.53369e+09
1410   1.887  363.383  74456.1  5.54371e+09
1411   1.839  363.718  74518.8  5.55305e+09
1412   1.86  363.993  74581.3  5.56237e+09
1413   1.847  364.319  74639.3  5.57102e+09
1414   1.807  364.659  74701  5.58024e+09
1415   1.788  364.939  74759.9  5.58904e+09
1416   1.783  365.257  74818.2  5.59777e+09
1417   1.773  365.593  74878  5.60671e+09
1418   1.709  365.912  74938.4  5.61576e+09
1419   1.756  366.224  75000.6  5.62509e+09
1420   1.706  366.55  75055.5  5.63333e+09
1421   1.662  366.854  75118.1  5.64273e+09
1422   1.668  367.186  75178.4  5.65179e+09
1423   1.64  367.502  75240.1  5.66107e+09
1424   1.62  367.814  75298.7  5.66989e+09
1425   1.611  368.077  75357.7  5.67878e+09
1426   1.599  368.419  75422.8  5.6886e+09
1427   1.573  368.768  75487.2  5.69832e+09
1428   1.58  369.044  75544.3  5.70694e+09
1429   1.541  369.395  75609  5.71673e+09
1430   1.567  369.655  75665.5  5.72526e+09
1431   1.547  369.955  75726.5  5.7345e+09
1432   1.571  370.255  75780.1  5.74263e+09
1433   1.548  370.561  75842.9  5.75215e+09
1434   1.549  370.878  75901.6  5.76106e+09
1435   1.537  371.168  75963.7  5.77048e+09
1436   1.524  371.533  76028.7  5.78036e+09
1437   1.556  371.794  76090.2  5.78971e+09
1438   1.528  372.179  76158.5  5.80011e+09
1439   1.528  372.47  76221.2  5.80966e+09
1440   1.515  372.808  76286.7  5.81966e+09
1441   1.524  373.09  76345.4  5.82862e+09
1442   1.5  373.395  76406.6  5.83796e+09
1443   1.5  373.683  76464.8  5.84687e+09
1444   1.451  374.004  76520.7  5.85542e+09
1445   1.493  374.313  76584.7  5.86521e+09
1446   1.447  374.596  76643.2  5.87419e+09
1447   1.439  374.909  76704.8  5.88363e+09
1448   1.46  375.199  76768.8  5.89345e+09
1449   1.444  375.539  76829.1  5.90271e+09
1450   1.48  375.832  76889.9  5.91206e+09
1451   1.493  376.135  76951.9  5.92159e+09
1452   1.5  376.439  77012.7  5.93095e+09
1453   1.517  376.719  77073.1  5.94027e+09
1454   1.523  377.024  77133  5.94949e+09
1455   1.549  377.353  77196.4  5.95928e+09
1456   1.587  377.594  77251.9  5.96785e+09
1457   1.581  377.907  77312.1  5.97716e+09
1458   1.607  378.209  77376.6  5.98714e+09
1459   1.616  378.495  77439.4  5.99686e+09
1460   1.59  378.849  77497.1  6.00581e+09
1461   1.626  379.141  77561.6  6.0158e+09
1462   1.638  379.421  77623.5  6.0254e+09
1463   1.651  379.707  77678.9  6.03401e+09
1464   1.652  379.997  77737.7  6.04315e+09
1465   1.672  380.258  77797.6  6.05247e+09
1466   1.658  380.535  77852.3  6.06099e+09
1467   1.649  380.872  77913.7  6.07054e+09
1468   1.679  381.126  77973.2  6.07983e+09
1469   1.697  381.459  78036.2  6.08964e+09
1470   1.676  381.69  78093.5  6.09859e+09
1471   1.702  381.988  78155.1  6.10822e+09
1472   1.741  382.295  78215.6  6.11768e+09
1473   1.695  382.575  78274  6.12682e+09
1474   1.684  382.858  78333.7  6.13616e+09
1475   1.726  383.135  78395.9  6.14591e+09
1476   1.697  383.457  78460.5  6.15605e+09
1477   1.715  383.714  78521.1  6.16556e+09
1478   1.686  384.053  78583.3  6.17533e+09
1479   1.69  384.34  78641.9  6.18455e+09
1480   1.707  384.615  78702.9  6.19415e+09
1481   1.694  384.908  78761.2  6.20333e+09
1482   1.676  385.191  78819.4  6.21249e+09
1483   1.68  385.474  78878.5  6.22182e+09
1484   1.648  385.777  78936.1  6.23092e+09
1485   1.641  386.042  78999.1  6.24085e+09
1486   1.604  386.351  79058.8  6.25029e+09
1487   1.623  386.617  79116  6.25934e+09
1488   1.598  386.94  79179.1  6.26932e+09
1489   1.621  387.209  79238  6.27866e+09
1490   1.61  387.505  79299.6  6.28843e+09
1491   1.605  387.818  79361  6.29818e+09
1492   1.578  388.098  79423.8  6.30814e+09
1493   1.521  388.378  79481.8  6.31736e+09
1494   1.525  388.658  79543.3  6.32713e+09
1495   1.526  388.947  79604.5  6.33688e+09
1496   1.492  389.248  79656.2  6.34512e+09
1497   1.46  389.566  79719.8  6.35524e+09
1498   1.426  389.834  79779.6  6.36478e+09
1499   1.424  390.145  79842.8  6.37487e+09
1500   1.423  390.469  79905.8  6.38494e+09
1501   1.399  390.744  79966  6.39457e+09
1502   1.381  391.05  80024.4  6.40391e+09
1503   1.369  391.381  80087.7  6.41404e+09
1504   1.348  391.688  80147.9  6.42368e+09
1505   1.364  391.988  80212.6  6.43407e+09
1506   1.31  392.327  80276.1  6.44426e+09
1507   1.336  392.565  80336.2  6.4539e+09
1508   1.288  392.898  80396.2  6.46355e+09
1509   1.295  393.24  80462.1  6.47415e+09
1510   1.306  393.503  80519.9  6.48346e+09
1511   1.248  393.817  80579.3  6.49302e+09
1512   1.279  394.11  80641.9  6.50312e+09
1513   1.247  394.414  80703.5  6.51305e+09
1514   1.226  394.757  80763.2  6.5227e+09
1515   1.218  395.067  80826.5  6.53293e+09
1516   1.165  395.355  80888.3  6.54291e+09
1517   1.173  395.675  80951.8  6.55319e+09
1518   1.133  395.954  81008  6.56229e+09
1519   1.135  396.246  81066  6.5717e+09
1520   1.128  396.574  81129.8  6.58204e+09
1521   1.118  396.864  81192.8  6.59226e+09
1522   1.122  397.195  81252.2  6.60193e+09
1523   1.082  397.472  81311.5  6.61155e+09
1524   1.097  397.8  81376.2  6.62208e+09
1525   1.097  398.094  81438  6.63214e+09
1526   1.046  398.403  81498.3  6.64198e+09
1527   1.061  398.722  81558.2  6.65173e+09
1528   1.038  399.021  81621.1  6.662e+09
1529   1.024  399.377  81688  6.67292e+09
1530   1.035  399.648  81748.6  6.68283e+09
1531   1.008  399.944  81808.4  6.69261e+09
1532   1.009  400.24  81869.9  6.70268e+09
1533   0.985  400.567  81927.5  6.71211e+09
1534   0.98  400.843  81986.9  6.72185e+09
1535   0.957  401.165  82045.6  6.73148e+09
1536   0.956  401.484  82105.8  6.74136e+09
1537   0.925  401.798  82165.1  6.7511e+09
1538   0.957  402.08  82230.3  6.76183e+09
1539   0.971  402.41  82295.1  6.77248e+09
1540   0.923  402.708  82353  6.78202e+09
1541   0.908  403.052  82413.1  6.79192e+09
1542   0.917  403.327  82467.9  6.80095e+09
1543   0.895  403.623  82525.3  6.81042e+09
1544   0.893  403.912  82583.9  6.8201e+09
1545   0.894  404.192  82643  6.82986e+09
1546   0.921  404.487  82703.4  6.83986e+09
1547   0.879  404.822  82761.6  6.84948e+09
1548   0.876  405.113  82821.5  6.8594e+09
1549   0.851  405.433  82884.2  6.8698e+09
1550   0.864  405.72  82942.7  6.87949e+09
1551   0.866  406.056  83003.9  6.88965e+09
1552   0.823  406.372  83069.7  6.90057e+09
1553   0.83  406.715  83133.7  6.91121e+09
1554   0.843  407.014  83194.9  6.9214e+09
1555   0.862  407.318  83253  6.93106e+09
1556   0.848  407.652  83313.8  6.94118e+09
1557   0.861  407.951  83374.3  6.95127e+09
1558   0.828  408.291  83433.1  6.96109e+09
1559   0.855  408.565  83490.6  6.97068e+09
1560   0.885  408.837  83551.1  6.98078e+09
1561   0.868  409.152  83608  6.9903e+09
1562   0.879  409.452  83666.1  7.00002e+09
1563   0.856  409.83  83732.5  7.01114e+09
1564   0.86  410.178  83796.8  7.02191e+09
1565   0.815  410.502  83859.4  7.03239e+09
1566   0.834  410.829  83923.9  7.04323e+09
1567   0.849  411.145  83988.6  7.05408e+09
1568   0.86  411.467  84052.1  7.06476e+09
1569   0.875  411.781  84111.3  7.07471e+09
1570   0.855  412.11  84172.9  7.08507e+09
1571   0.852  412.409  84235.2  7.09557e+09
1572   0.869  412.76  84300.1  7.10651e+09
1573   0.843  413.076  84361  7.11678e+09
1574   0.83  413.376  84420.1  7.12676e+09
1575   0.826  413.68  84480.3  7.13692e+09
1576   0.849  414.008  84545.5  7.14795e+09
1577   0.84  414.33  84608  7.15851e+09
1578   0.843  414.637  84670.8  7.16915e+09
1579   0.875  414.969  84735.5  7.18011e+09
1580   0.842  415.299  84796.2  7.19039e+09
1581   0.859  415.641  84860.8  7.20135e+09
1582   0.878  415.917  84920.7  7.21152e+09
1583   0.887  416.246  84980.1  7.22161e+09
1584   0.865  416.581  85042.6  7.23224e+09
1585   0.907  416.887  85106.5  7.24312e+09
1586   0.886  417.28  85168.1  7.25361e+09
1587   0.925  417.517  85226.8  7.2636e+09
1588   0.943  417.828  85287.4  7.27393e+09
1589   0.973  418.118  85345.5  7.28385e+09
1590   0.96  418.428  85403.5  7.29375e+09
1591   0.959  418.734  85466.1  7.30445e+09
1592   0.956  419.074  85532.2  7.31576e+09
1593   0.965  419.366  85592.7  7.32611e+09
1594   1.017  419.646  85653.6  7.33653e+09
1595   0.99  420.019  85721.3  7.34815e+09
1596   0.997  420.342  85782.4  7.35862e+09
1597   1.004  420.669  85847.2  7.36975e+09
1598   1.013  420.942  85908.6  7.38029e+09
1599   1.03  421.262  85971.1  7.39103e+09
1600   1.031  421.533  86029.8  7.40112e+09
1601   1.031  421.832  86086.5  7.41088e+09
1602   1.034  422.156  86148.9  7.42164e+09
1603   1.052  422.46  86210.3  7.43222e+09
1604   1.054  422.759  86269.1  7.44236e+09
1605   1.059  423.025  86325.9  7.45216e+09
1606   1.064  423.372  86392.7  7.46369e+09
1607   1.093  423.681  86455.8  7.4746e+09
1608   1.038  424.026  86519.6  7.48564e+09
1609   1.066  424.299  86580.7  7.49622e+09
1610   1.054  424.61  86642  7.50683e+09
1611   1.077  424.919  86706.4  7.51799e+09
1612   1.047  425.253  86768.6  7.52879e+09
1613   1.053  425.525  86827.8  7.53907e+09
1614   1.07  425.82  86888  7.54952e+09
1615   1.057  426.148  86947.5  7.55987e+09
1616   1.093  426.407  87007.6  7.57032e+09
1617   1.063  426.709  87068.9  7.58099e+09
1618   1.058  427.012  87128.8  7.59143e+09
1619   1.073  427.292  87188.7  7.60187e+09
1620   1.085  427.627  87248.7  7.61233e+09
1621   1.065  427.914  87313.7  7.62368e+09
1622   1.071  428.204  87375.8  7.63453e+09
1623   1.069  428.526  87436.7  7.64518e+09
1624   1.076  428.826  87501.8  7.65657e+09
1625   1.056  429.116  87559.5  7.66667e+09
1626   1.046  429.462  87622.9  7.67776e+09
1627   1.07  429.727  87681.8  7.68811e+09
1628   1.102  429.977  87743.9  7.69898e+09
1629   1.104  430.304  87807.4  7.71014e+09
1630   1.133  430.585  87868.8  7.72093e+09
1631   1.12  430.901  87930  7.73168e+09
1632   1.146  431.203  87996.2  7.74333e+09
1633   1.161  431.515  88059  7.75439e+09
1634   1.182  431.815  88120.5  7.76522e+09
1635   1.171  432.1  88178.8  7.7755e+09
1636   1.15  432.385  88235.9  7.78557e+09
1637   1.219  432.648  88297.3  7.79641e+09
1638   1.218  432.951  88354.4  7.8065e+09
1639   1.216  433.23  88417.9  7.81773e+09
1640   1.204  433.558  88473.4  7.82754e+09
1641   1.239  433.839  88539.9  7.83932e+09
1642   1.236  434.119  88599  7.84979e+09
1643   1.258  434.428  88659.5  7.8605e+09
1644   1.253  434.757  88725.9  7.87229e+09
1645   1.264  435.05  88787.1  7.88315e+09
1646   1.276  435.302  88846.8  7.89375e+09
1647   1.257  435.67  88911.7  7.90529e+09
1648   1.259  435.982  88975  7.91655e+09
1649   1.268  436.277  89037.7  7.92772e+09
1650   1.28  436.555  89100.8  7.93895e+09
1651   1.268  436.896  89160.5  7.9496e+09
1652   1.288  437.173  89224.6  7.96103e+09
1653   1.236  437.522  89289.2  7.97257e+09
1654   1.271  437.825  89353.3  7.98402e+09
1655   1.279  438.088  89409  7.99397e+09
1656   1.285  438.386  89471.4  8.00513e+09
1657   1.295  438.673  89531.8  8.01594e+09
1658   1.281  438.975  89596.3  8.02749e+09
1659   1.273  439.304  89655.4  8.0381e+09
1660   1.264  439.619  89719.1  8.04952e+09
1661   1.262  439.954  89787  8.0617e+09
1662   1.234  440.242  89847.9  8.07265e+09
1663   1.217  440.571  89908.5  8.08353e+09

